1	TCGA-AK-3428	1	1
2	TCGA-AK-3434	2	1
3	TCGA-B0-4688	3	1
4	TCGA-B0-4690	4	1
5	TCGA-B0-4691	5	1
6	TCGA-B0-4693	6	1
7	TCGA-B0-4694	7	1
8	TCGA-B0-4696	8	1
9	TCGA-B0-4697	9	1
10	TCGA-B0-4698	10	1
11	TCGA-B0-4699	11	1
12	TCGA-B0-4700	12	1
13	TCGA-B0-4701	13	1
14	TCGA-B0-4703	14	1
15	TCGA-B0-4706	15	1
16	TCGA-B0-4707	16	1
17	TCGA-B0-4712	17	1
18	TCGA-B0-4713	18	1
19	TCGA-B0-4714	19	1
20	TCGA-B0-4810	20	1
21	TCGA-B0-4811	21	1
22	TCGA-B0-4813	22	1
23	TCGA-B0-4814	23	1
24	TCGA-B0-4815	24	1
25	TCGA-B0-4816	25	1
26	TCGA-B0-4817	26	1
27	TCGA-B0-4818	27	1
28	TCGA-B0-4819	28	1
29	TCGA-B0-4821	29	1
30	TCGA-B0-4823	30	1
31	TCGA-B0-4824	31	1
32	TCGA-B0-4827	32	1
33	TCGA-B0-4828	33	1
34	TCGA-B0-4841	34	1
35	TCGA-B0-4842	35	1
36	TCGA-B0-4843	36	1
37	TCGA-B0-4844	37	1
38	TCGA-B0-4845	38	1
39	TCGA-B0-4846	39	1
40	TCGA-B0-4847	40	1
41	TCGA-B0-4848	41	1
42	TCGA-B0-4849	42	1
43	TCGA-B0-4852	43	1
44	TCGA-B0-4945	44	1
45	TCGA-B0-5080	45	1
46	TCGA-B0-5092	46	1
47	TCGA-B0-5094	47	1
48	TCGA-B0-5095	48	1
49	TCGA-B0-5096	49	1
50	TCGA-B0-5098	50	1
51	TCGA-B0-5099	51	1
52	TCGA-B0-5100	52	1
53	TCGA-B0-5102	53	1
54	TCGA-B0-5104	54	1
55	TCGA-B0-5106	55	1
56	TCGA-B0-5107	56	1
57	TCGA-B0-5109	57	1
58	TCGA-B0-5690	58	1
59	TCGA-B0-5691	59	1
60	TCGA-B0-5692	60	1
61	TCGA-B0-5693	61	1
62	TCGA-B0-5694	62	1
63	TCGA-B0-5698	63	1
64	TCGA-B0-5699	64	1
65	TCGA-B0-5705	65	1
66	TCGA-B0-5706	66	1
67	TCGA-B0-5709	67	1
68	TCGA-B0-5711	68	1
69	TCGA-B0-5712	69	1
70	TCGA-B0-5713	70	1
71	TCGA-B0-5812	71	1
72	TCGA-BP-4760	72	1
73	TCGA-BP-4770	73	1
74	TCGA-BP-5010	74	1
75	TCGA-BP-5168	75	1
76	TCGA-BP-5170	76	1
77	TCGA-BP-5173	77	1
78	TCGA-BP-5174	78	1
79	TCGA-BP-5176	79	1
80	TCGA-BP-5178	80	1
81	TCGA-BP-5180	81	1
82	TCGA-BP-5181	82	1
83	TCGA-BP-5189	83	1
84	TCGA-CJ-4869	84	1
85	TCGA-CJ-4882	85	1
86	TCGA-CJ-4897	86	1
87	TCGA-CJ-4902	87	1
88	TCGA-CJ-4903	88	1
89	TCGA-CJ-4904	89	1
90	TCGA-CJ-4905	90	1
91	TCGA-CJ-4907	91	1
92	TCGA-CJ-4908	92	1
93	TCGA-CJ-4912	93	1
94	TCGA-CJ-4918	94	1
95	TCGA-CJ-4920	95	1
96	TCGA-CJ-4923	96	1
97	TCGA-CJ-5671	97	1
98	TCGA-CJ-5672	98	1
99	TCGA-CJ-5675	99	1
100	TCGA-CJ-5676	100	1
101	TCGA-CJ-5677	101	1
102	TCGA-CJ-5678	102	1
103	TCGA-CJ-5679	103	1
104	TCGA-CJ-5680	104	1
105	TCGA-CJ-5681	105	1
106	TCGA-CJ-5682	106	1
107	TCGA-CJ-5683	107	1
108	TCGA-CJ-5684	108	1
109	TCGA-CJ-5686	109	1
110	TCGA-CJ-5689	110	1
111	TCGA-CJ-6027	111	1
112	TCGA-CJ-6028	112	1
113	TCGA-CJ-6030	113	1
114	TCGA-CJ-6031	114	1
115	TCGA-CJ-6032	115	1
116	TCGA-CJ-6033	116	1
117	TCGA-CW-5580	117	1
118	TCGA-CW-5581	118	1
119	TCGA-CW-5583	119	1
120	TCGA-CW-5584	120	1
121	TCGA-CW-5585	121	1
122	TCGA-CW-5587	122	1
123	TCGA-CW-5589	123	1
124	TCGA-CW-5591	124	1
125	TCGA-CW-6088	125	1
126	TCGA-CW-6090	126	1
127	TCGA-CW-6093	127	1
128	TCGA-CW-6097	128	1
129	TCGA-CZ-4859	129	1
130	TCGA-CZ-4863	130	1
131	TCGA-CZ-4864	131	1
132	TCGA-CZ-4865	132	1
133	TCGA-CZ-4866	133	1
134	TCGA-CZ-5452	134	1
135	TCGA-CZ-5454	135	1
136	TCGA-CZ-5455	136	1
137	TCGA-CZ-5457	137	1
138	TCGA-CZ-5458	138	1
139	TCGA-CZ-5461	139	1
140	TCGA-CZ-5462	140	1
141	TCGA-CZ-5464	141	1
142	TCGA-CZ-5467	142	1
143	TCGA-CZ-5468	143	1
144	TCGA-CZ-5469	144	1
145	TCGA-CZ-5982	145	1
146	TCGA-CZ-5984	146	1
147	TCGA-CZ-5985	147	1
148	TCGA-CZ-5987	148	1
149	TCGA-CZ-5989	149	1
150	TCGA-DV-5576	150	1
