1	MB.1	1	1
2	MB.101	2	1
3	MB.103	3	1
4	MB.105	4	1
5	MB.106	5	1
6	MB.107	6	1
7	MB.108	7	1
8	MB.11	8	1
9	MB.110	9	1
10	MB.117	10	1
11	MB.118	11	1
12	MB.119	12	1
13	MB.121	13	1
14	MB.122	14	1
15	MB.123	15	1
16	MB.124	16	1
17	MB.125	17	1
18	MB.127	18	1
19	MB.128	19	1
20	MB.129	20	1
21	MB.13	21	1
22	MB.130	22	1
23	MB.131	23	1
24	MB.132	24	1
25	MB.133	25	1
26	MB.134	26	1
27	MB.135	27	1
28	MB.136	28	1
29	MB.138	29	1
30	MB.139	30	1
31	MB.14	31	1
32	MB.141	32	1
33	MB.142	33	1
34	MB.145	34	1
35	MB.146	35	1
36	MB.147	36	1
37	MB.15	37	1
38	MB.150	38	1
39	MB.151	39	1
40	MB.152	40	1
41	MB.153	41	1
42	MB.154	42	1
43	MB.155	43	1
44	MB.156	44	1
45	MB.157	45	1
46	MB.16	46	1
47	MB.160	47	1
48	MB.161	48	1
49	MB.162	49	1
50	MB.163	50	1
51	MB.164	51	1
52	MB.165	52	1
53	MB.166	53	1
54	MB.167	54	1
55	MB.168	55	1
56	MB.17	56	1
57	MB.172	57	1
58	MB.173	58	1
59	MB.174	59	1
60	MB.176	60	1
61	MB.177	61	1
62	MB.178	62	1
63	MB.179	63	1
64	MB.18	64	1
65	MB.180	65	1
66	MB.181	66	1
67	MB.182	67	1
68	MB.183	68	1
69	MB.184	69	1
70	MB.185	70	1
71	MB.186	71	1
72	MB.188	72	1
73	MB.189	73	1
74	MB.191	74	1
75	MB.193	75	1
76	MB.194	76	1
77	MB.195	77	1
78	MB.196	78	1
79	MB.198	79	1
80	MB.199	80	1
81	MB.2	81	1
82	MB.203	82	1
83	MB.205	83	1
84	MB.207	84	1
85	MB.220	85	1
86	MB.222	86	1
87	MB.223	87	1
88	MB.224	88	1
89	MB.226	89	1
90	MB.229	90	1
91	MB.26	91	1
92	MB.29	92	1
93	MB.3	93	1
94	MB.4	94	1
95	MB.44	95	1
96	MB.45	96	1
97	MB.48	97	1
98	MB.49	98	1
99	MB.5	99	1
100	MB.6	100	1
101	MB.7	101	1
102	MB.8	102	1
103	MB.9	103	1
