1	6	1
1	7	1
1	8	1
1	15	1
1	16	1
1	18	1
1	20	1
1	21	1
1	22	1
1	24	1
1	26	1
1	29	1
1	32	1
1	35	1
1	36	1
1	41	1
1	42	1
1	48	1
1	49	1
1	51	1
1	52	1
1	57	1
1	60	1
1	62	1
1	67	1
1	68	1
1	70	1
1	74	1
1	84	1
1	85	1
1	86	1
1	87	1
1	91	1
1	100	1
1	103	1
1	108	1
1	120	1
1	122	1
1	128	1
1	130	1
1	137	1
1	138	1
1	142	1
1	3	0.666666666666667
1	4	0.666666666666667
1	5	0.666666666666667
1	9	0.666666666666667
1	10	0.666666666666667
1	11	0.666666666666667
1	12	0.666666666666667
2	30	1
2	31	1
2	44	1
2	50	1
2	53	1
2	54	1
2	55	1
2	58	1
2	59	1
2	61	1
2	63	1
2	64	1
2	65	1
2	71	1
2	72	1
2	75	1
2	76	1
2	77	1
2	78	1
2	79	1
2	81	1
2	82	1
2	83	1
2	88	1
2	90	1
2	92	1
2	95	1
2	97	1
2	98	1
2	107	1
2	109	1
2	110	1
2	111	1
2	113	1
2	114	1
2	118	1
2	119	1
2	123	1
2	125	1
2	126	1
2	127	1
2	129	1
2	132	1
2	133	1
2	145	1
2	146	1
2	150	1
2	25	0.666666666666667
2	27	0.666666666666667
2	43	0.666666666666667
3	4	1
3	5	1
3	9	1
3	10	1
3	11	1
3	12	1
3	13	1
3	14	1
3	17	1
3	19	1
3	23	1
3	28	1
3	33	1
3	34	1
3	37	1
3	38	1
3	39	1
3	40	1
3	45	1
3	46	1
3	47	1
3	56	1
3	69	1
3	73	1
3	80	1
3	89	1
3	94	1
3	96	1
3	101	1
3	102	1
3	104	1
3	105	1
3	106	1
3	112	1
3	116	1
3	117	1
3	121	1
3	124	1
3	135	1
3	136	1
3	139	1
3	140	1
3	141	1
3	143	1
3	148	1
3	6	0.666666666666667
3	7	0.666666666666667
3	8	0.666666666666667
3	15	0.666666666666667
3	16	0.666666666666667
4	5	1
4	9	1
4	10	1
4	11	1
4	12	1
4	13	1
4	14	1
4	17	1
4	19	1
4	23	1
4	28	1
4	33	1
4	34	1
4	37	1
4	38	1
4	39	1
4	40	1
4	45	1
4	46	1
4	47	1
4	56	1
4	69	1
4	73	1
4	80	1
4	89	1
4	94	1
4	96	1
4	101	1
4	102	1
4	104	1
4	105	1
4	106	1
4	112	1
4	116	1
4	117	1
4	121	1
4	124	1
4	135	1
4	136	1
4	139	1
4	140	1
4	141	1
4	143	1
4	148	1
4	6	0.666666666666667
4	7	0.666666666666667
4	8	0.666666666666667
4	15	0.666666666666667
4	16	0.666666666666667
4	18	0.666666666666667
5	9	1
5	10	1
5	11	1
5	12	1
5	13	1
5	14	1
5	17	1
5	19	1
5	23	1
5	28	1
5	33	1
5	34	1
5	37	1
5	38	1
5	39	1
5	40	1
5	45	1
5	46	1
5	47	1
5	56	1
5	69	1
5	73	1
5	80	1
5	89	1
5	94	1
5	96	1
5	101	1
5	102	1
5	104	1
5	105	1
5	106	1
5	112	1
5	116	1
5	117	1
5	121	1
5	124	1
5	135	1
5	136	1
5	139	1
5	140	1
5	141	1
5	143	1
5	148	1
5	6	0.666666666666667
5	7	0.666666666666667
5	8	0.666666666666667
5	15	0.666666666666667
5	16	0.666666666666667
5	18	0.666666666666667
5	20	0.666666666666667
6	7	1
6	8	1
6	15	1
6	16	1
6	18	1
6	20	1
6	21	1
6	22	1
6	24	1
6	26	1
6	29	1
6	32	1
6	35	1
6	36	1
6	41	1
6	42	1
6	48	1
6	49	1
6	51	1
6	52	1
6	57	1
6	60	1
6	62	1
6	67	1
6	68	1
6	70	1
6	74	1
6	84	1
6	85	1
6	86	1
6	87	1
6	91	1
6	100	1
6	103	1
6	108	1
6	120	1
6	122	1
6	128	1
6	130	1
6	137	1
6	138	1
6	142	1
6	9	0.666666666666667
6	10	0.666666666666667
6	11	0.666666666666667
6	12	0.666666666666667
6	13	0.666666666666667
6	14	0.666666666666667
6	17	0.666666666666667
6	19	0.666666666666667
7	8	1
7	15	1
7	16	1
7	18	1
7	20	1
7	21	1
7	22	1
7	24	1
7	26	1
7	29	1
7	32	1
7	35	1
7	36	1
7	41	1
7	42	1
7	48	1
7	49	1
7	51	1
7	52	1
7	57	1
7	60	1
7	62	1
7	67	1
7	68	1
7	70	1
7	74	1
7	84	1
7	85	1
7	86	1
7	87	1
7	91	1
7	100	1
7	103	1
7	108	1
7	120	1
7	122	1
7	128	1
7	130	1
7	137	1
7	138	1
7	142	1
7	9	0.666666666666667
7	10	0.666666666666667
7	11	0.666666666666667
7	12	0.666666666666667
7	13	0.666666666666667
7	14	0.666666666666667
7	17	0.666666666666667
7	19	0.666666666666667
7	23	0.666666666666667
8	15	1
8	16	1
8	18	1
8	20	1
8	21	1
8	22	1
8	24	1
8	26	1
8	29	1
8	32	1
8	35	1
8	36	1
8	41	1
8	42	1
8	48	1
8	49	1
8	51	1
8	52	1
8	57	1
8	60	1
8	62	1
8	67	1
8	68	1
8	70	1
8	74	1
8	84	1
8	85	1
8	86	1
8	87	1
8	91	1
8	100	1
8	103	1
8	108	1
8	120	1
8	122	1
8	128	1
8	130	1
8	137	1
8	138	1
8	142	1
8	9	0.666666666666667
8	10	0.666666666666667
8	11	0.666666666666667
8	12	0.666666666666667
8	13	0.666666666666667
8	14	0.666666666666667
8	17	0.666666666666667
8	19	0.666666666666667
8	23	0.666666666666667
8	25	0.666666666666667
9	10	1
9	11	1
9	12	1
9	13	1
9	14	1
9	17	1
9	19	1
9	23	1
9	28	1
9	33	1
9	34	1
9	37	1
9	38	1
9	39	1
9	40	1
9	45	1
9	46	1
9	47	1
9	56	1
9	69	1
9	73	1
9	80	1
9	89	1
9	94	1
9	96	1
9	101	1
9	102	1
9	104	1
9	105	1
9	106	1
9	112	1
9	116	1
9	117	1
9	121	1
9	124	1
9	135	1
9	136	1
9	139	1
9	140	1
9	141	1
9	143	1
9	148	1
9	15	0.666666666666667
9	16	0.666666666666667
9	18	0.666666666666667
9	20	0.666666666666667
9	21	0.666666666666667
9	22	0.666666666666667
9	24	0.666666666666667
9	26	0.666666666666667
10	11	1
10	12	1
10	13	1
10	14	1
10	17	1
10	19	1
10	23	1
10	28	1
10	33	1
10	34	1
10	37	1
10	38	1
10	39	1
10	40	1
10	45	1
10	46	1
10	47	1
10	56	1
10	69	1
10	73	1
10	80	1
10	89	1
10	94	1
10	96	1
10	101	1
10	102	1
10	104	1
10	105	1
10	106	1
10	112	1
10	116	1
10	117	1
10	121	1
10	124	1
10	135	1
10	136	1
10	139	1
10	140	1
10	141	1
10	143	1
10	148	1
10	15	0.666666666666667
10	16	0.666666666666667
10	18	0.666666666666667
10	20	0.666666666666667
10	21	0.666666666666667
10	22	0.666666666666667
10	24	0.666666666666667
10	26	0.666666666666667
10	29	0.666666666666667
11	12	1
11	13	1
11	14	1
11	17	1
11	19	1
11	23	1
11	28	1
11	33	1
11	34	1
11	37	1
11	38	1
11	39	1
11	40	1
11	45	1
11	46	1
11	47	1
11	56	1
11	69	1
11	73	1
11	80	1
11	89	1
11	94	1
11	96	1
11	101	1
11	102	1
11	104	1
11	105	1
11	106	1
11	112	1
11	116	1
11	117	1
11	121	1
11	124	1
11	135	1
11	136	1
11	139	1
11	140	1
11	141	1
11	143	1
11	148	1
11	15	0.666666666666667
11	16	0.666666666666667
11	18	0.666666666666667
11	20	0.666666666666667
11	21	0.666666666666667
11	22	0.666666666666667
11	24	0.666666666666667
11	26	0.666666666666667
11	29	0.666666666666667
11	32	0.666666666666667
12	13	1
12	14	1
12	17	1
12	19	1
12	23	1
12	28	1
12	33	1
12	34	1
12	37	1
12	38	1
12	39	1
12	40	1
12	45	1
12	46	1
12	47	1
12	56	1
12	69	1
12	73	1
12	80	1
12	89	1
12	94	1
12	96	1
12	101	1
12	102	1
12	104	1
12	105	1
12	106	1
12	112	1
12	116	1
12	117	1
12	121	1
12	124	1
12	135	1
12	136	1
12	139	1
12	140	1
12	141	1
12	143	1
12	148	1
12	15	0.666666666666667
12	16	0.666666666666667
12	18	0.666666666666667
12	20	0.666666666666667
12	21	0.666666666666667
12	22	0.666666666666667
12	24	0.666666666666667
12	26	0.666666666666667
12	29	0.666666666666667
12	32	0.666666666666667
12	35	0.666666666666667
13	14	1
13	17	1
13	19	1
13	23	1
13	28	1
13	33	1
13	34	1
13	37	1
13	38	1
13	39	1
13	40	1
13	45	1
13	46	1
13	47	1
13	56	1
13	69	1
13	73	1
13	80	1
13	89	1
13	94	1
13	96	1
13	101	1
13	102	1
13	104	1
13	105	1
13	106	1
13	112	1
13	116	1
13	117	1
13	121	1
13	124	1
13	135	1
13	136	1
13	139	1
13	140	1
13	141	1
13	143	1
13	148	1
13	15	0.666666666666667
13	16	0.666666666666667
13	18	0.666666666666667
13	20	0.666666666666667
13	21	0.666666666666667
13	22	0.666666666666667
13	24	0.666666666666667
13	26	0.666666666666667
13	29	0.666666666666667
13	32	0.666666666666667
13	35	0.666666666666667
13	36	0.666666666666667
14	17	1
14	19	1
14	23	1
14	28	1
14	33	1
14	34	1
14	37	1
14	38	1
14	39	1
14	40	1
14	45	1
14	46	1
14	47	1
14	56	1
14	69	1
14	73	1
14	80	1
14	89	1
14	94	1
14	96	1
14	101	1
14	102	1
14	104	1
14	105	1
14	106	1
14	112	1
14	116	1
14	117	1
14	121	1
14	124	1
14	135	1
14	136	1
14	139	1
14	140	1
14	141	1
14	143	1
14	148	1
14	15	0.666666666666667
14	16	0.666666666666667
14	18	0.666666666666667
14	20	0.666666666666667
14	21	0.666666666666667
14	22	0.666666666666667
14	24	0.666666666666667
14	26	0.666666666666667
14	29	0.666666666666667
14	32	0.666666666666667
14	35	0.666666666666667
14	36	0.666666666666667
14	41	0.666666666666667
15	16	1
15	18	1
15	20	1
15	21	1
15	22	1
15	24	1
15	26	1
15	29	1
15	32	1
15	35	1
15	36	1
15	41	1
15	42	1
15	48	1
15	49	1
15	51	1
15	52	1
15	57	1
15	60	1
15	62	1
15	67	1
15	68	1
15	70	1
15	74	1
15	84	1
15	85	1
15	86	1
15	87	1
15	91	1
15	100	1
15	103	1
15	108	1
15	120	1
15	122	1
15	128	1
15	130	1
15	137	1
15	138	1
15	142	1
15	17	0.666666666666667
15	19	0.666666666666667
15	23	0.666666666666667
15	25	0.666666666666667
15	27	0.666666666666667
15	28	0.666666666666667
15	33	0.666666666666667
15	34	0.666666666666667
15	37	0.666666666666667
15	38	0.666666666666667
15	39	0.666666666666667
16	18	1
16	20	1
16	21	1
16	22	1
16	24	1
16	26	1
16	29	1
16	32	1
16	35	1
16	36	1
16	41	1
16	42	1
16	48	1
16	49	1
16	51	1
16	52	1
16	57	1
16	60	1
16	62	1
16	67	1
16	68	1
16	70	1
16	74	1
16	84	1
16	85	1
16	86	1
16	87	1
16	91	1
16	100	1
16	103	1
16	108	1
16	120	1
16	122	1
16	128	1
16	130	1
16	137	1
16	138	1
16	142	1
16	17	0.666666666666667
16	19	0.666666666666667
16	23	0.666666666666667
16	25	0.666666666666667
16	27	0.666666666666667
16	28	0.666666666666667
16	33	0.666666666666667
16	34	0.666666666666667
16	37	0.666666666666667
16	38	0.666666666666667
16	39	0.666666666666667
16	40	0.666666666666667
17	19	1
17	23	1
17	28	1
17	33	1
17	34	1
17	37	1
17	38	1
17	39	1
17	40	1
17	45	1
17	46	1
17	47	1
17	56	1
17	69	1
17	73	1
17	80	1
17	89	1
17	94	1
17	96	1
17	101	1
17	102	1
17	104	1
17	105	1
17	106	1
17	112	1
17	116	1
17	117	1
17	121	1
17	124	1
17	135	1
17	136	1
17	139	1
17	140	1
17	141	1
17	143	1
17	148	1
17	18	0.666666666666667
17	20	0.666666666666667
17	21	0.666666666666667
17	22	0.666666666666667
17	24	0.666666666666667
17	26	0.666666666666667
17	29	0.666666666666667
17	32	0.666666666666667
17	35	0.666666666666667
17	36	0.666666666666667
17	41	0.666666666666667
17	42	0.666666666666667
17	48	0.666666666666667
17	49	0.666666666666667
18	20	1
18	21	1
18	22	1
18	24	1
18	26	1
18	29	1
18	32	1
18	35	1
18	36	1
18	41	1
18	42	1
18	48	1
18	49	1
18	51	1
18	52	1
18	57	1
18	60	1
18	62	1
18	67	1
18	68	1
18	70	1
18	74	1
18	84	1
18	85	1
18	86	1
18	87	1
18	91	1
18	100	1
18	103	1
18	108	1
18	120	1
18	122	1
18	128	1
18	130	1
18	137	1
18	138	1
18	142	1
18	19	0.666666666666667
18	23	0.666666666666667
18	25	0.666666666666667
18	27	0.666666666666667
18	28	0.666666666666667
18	33	0.666666666666667
18	34	0.666666666666667
18	37	0.666666666666667
18	38	0.666666666666667
18	39	0.666666666666667
18	40	0.666666666666667
18	43	0.666666666666667
18	45	0.666666666666667
19	23	1
19	28	1
19	33	1
19	34	1
19	37	1
19	38	1
19	39	1
19	40	1
19	45	1
19	46	1
19	47	1
19	56	1
19	69	1
19	73	1
19	80	1
19	89	1
19	94	1
19	96	1
19	101	1
19	102	1
19	104	1
19	105	1
19	106	1
19	112	1
19	116	1
19	117	1
19	121	1
19	124	1
19	135	1
19	136	1
19	139	1
19	140	1
19	141	1
19	143	1
19	148	1
19	20	0.666666666666667
19	21	0.666666666666667
19	22	0.666666666666667
19	24	0.666666666666667
19	26	0.666666666666667
19	29	0.666666666666667
19	32	0.666666666666667
19	35	0.666666666666667
19	36	0.666666666666667
19	41	0.666666666666667
19	42	0.666666666666667
19	48	0.666666666666667
19	49	0.666666666666667
19	51	0.666666666666667
19	52	0.666666666666667
20	21	1
20	22	1
20	24	1
20	26	1
20	29	1
20	32	1
20	35	1
20	36	1
20	41	1
20	42	1
20	48	1
20	49	1
20	51	1
20	52	1
20	57	1
20	60	1
20	62	1
20	67	1
20	68	1
20	70	1
20	74	1
20	84	1
20	85	1
20	86	1
20	87	1
20	91	1
20	100	1
20	103	1
20	108	1
20	120	1
20	122	1
20	128	1
20	130	1
20	137	1
20	138	1
20	142	1
20	23	0.666666666666667
20	25	0.666666666666667
20	27	0.666666666666667
20	28	0.666666666666667
20	33	0.666666666666667
20	34	0.666666666666667
20	37	0.666666666666667
20	38	0.666666666666667
20	39	0.666666666666667
20	40	0.666666666666667
20	43	0.666666666666667
20	45	0.666666666666667
20	46	0.666666666666667
20	47	0.666666666666667
21	22	1
21	24	1
21	26	1
21	29	1
21	32	1
21	35	1
21	36	1
21	41	1
21	42	1
21	48	1
21	49	1
21	51	1
21	52	1
21	57	1
21	60	1
21	62	1
21	67	1
21	68	1
21	70	1
21	74	1
21	84	1
21	85	1
21	86	1
21	87	1
21	91	1
21	100	1
21	103	1
21	108	1
21	120	1
21	122	1
21	128	1
21	130	1
21	137	1
21	138	1
21	142	1
21	23	0.666666666666667
21	25	0.666666666666667
21	27	0.666666666666667
21	28	0.666666666666667
21	33	0.666666666666667
21	34	0.666666666666667
21	37	0.666666666666667
21	38	0.666666666666667
21	39	0.666666666666667
21	40	0.666666666666667
21	43	0.666666666666667
21	45	0.666666666666667
21	46	0.666666666666667
21	47	0.666666666666667
21	56	0.666666666666667
22	24	1
22	26	1
22	29	1
22	32	1
22	35	1
22	36	1
22	41	1
22	42	1
22	48	1
22	49	1
22	51	1
22	52	1
22	57	1
22	60	1
22	62	1
22	67	1
22	68	1
22	70	1
22	74	1
22	84	1
22	85	1
22	86	1
22	87	1
22	91	1
22	100	1
22	103	1
22	108	1
22	120	1
22	122	1
22	128	1
22	130	1
22	137	1
22	138	1
22	142	1
22	23	0.666666666666667
22	25	0.666666666666667
22	27	0.666666666666667
22	28	0.666666666666667
22	33	0.666666666666667
22	34	0.666666666666667
22	37	0.666666666666667
22	38	0.666666666666667
22	39	0.666666666666667
22	40	0.666666666666667
22	43	0.666666666666667
22	45	0.666666666666667
22	46	0.666666666666667
22	47	0.666666666666667
22	56	0.666666666666667
22	66	0.666666666666667
23	28	1
23	33	1
23	34	1
23	37	1
23	38	1
23	39	1
23	40	1
23	45	1
23	46	1
23	47	1
23	56	1
23	69	1
23	73	1
23	80	1
23	89	1
23	94	1
23	96	1
23	101	1
23	102	1
23	104	1
23	105	1
23	106	1
23	112	1
23	116	1
23	117	1
23	121	1
23	124	1
23	135	1
23	136	1
23	139	1
23	140	1
23	141	1
23	143	1
23	148	1
23	24	0.666666666666667
23	26	0.666666666666667
23	29	0.666666666666667
23	32	0.666666666666667
23	35	0.666666666666667
23	36	0.666666666666667
23	41	0.666666666666667
23	42	0.666666666666667
23	48	0.666666666666667
23	49	0.666666666666667
23	51	0.666666666666667
23	52	0.666666666666667
23	57	0.666666666666667
23	60	0.666666666666667
23	62	0.666666666666667
23	67	0.666666666666667
24	26	1
24	29	1
24	32	1
24	35	1
24	36	1
24	41	1
24	42	1
24	48	1
24	49	1
24	51	1
24	52	1
24	57	1
24	60	1
24	62	1
24	67	1
24	68	1
24	70	1
24	74	1
24	84	1
24	85	1
24	86	1
24	87	1
24	91	1
24	100	1
24	103	1
24	108	1
24	120	1
24	122	1
24	128	1
24	130	1
24	137	1
24	138	1
24	142	1
24	25	0.666666666666667
24	27	0.666666666666667
24	28	0.666666666666667
24	33	0.666666666666667
24	34	0.666666666666667
24	37	0.666666666666667
24	38	0.666666666666667
24	39	0.666666666666667
24	40	0.666666666666667
24	43	0.666666666666667
24	45	0.666666666666667
24	46	0.666666666666667
24	47	0.666666666666667
24	56	0.666666666666667
24	66	0.666666666666667
24	69	0.666666666666667
24	73	0.666666666666667
25	27	1
25	43	1
25	66	1
25	93	1
25	99	1
25	115	1
25	131	1
25	134	1
25	144	1
25	147	1
25	149	1
25	26	0.666666666666667
25	29	0.666666666666667
25	30	0.666666666666667
25	31	0.666666666666667
25	32	0.666666666666667
25	35	0.666666666666667
25	36	0.666666666666667
25	41	0.666666666666667
25	42	0.666666666666667
25	44	0.666666666666667
25	48	0.666666666666667
25	49	0.666666666666667
25	50	0.666666666666667
25	51	0.666666666666667
25	52	0.666666666666667
25	53	0.666666666666667
25	54	0.666666666666667
25	55	0.666666666666667
25	57	0.666666666666667
25	58	0.666666666666667
25	59	0.666666666666667
25	60	0.666666666666667
25	61	0.666666666666667
25	62	0.666666666666667
25	63	0.666666666666667
25	64	0.666666666666667
25	65	0.666666666666667
25	67	0.666666666666667
25	68	0.666666666666667
25	70	0.666666666666667
25	71	0.666666666666667
25	72	0.666666666666667
25	74	0.666666666666667
25	75	0.666666666666667
25	76	0.666666666666667
25	77	0.666666666666667
25	78	0.666666666666667
25	79	0.666666666666667
25	81	0.666666666666667
26	29	1
26	32	1
26	35	1
26	36	1
26	41	1
26	42	1
26	48	1
26	49	1
26	51	1
26	52	1
26	57	1
26	60	1
26	62	1
26	67	1
26	68	1
26	70	1
26	74	1
26	84	1
26	85	1
26	86	1
26	87	1
26	91	1
26	100	1
26	103	1
26	108	1
26	120	1
26	122	1
26	128	1
26	130	1
26	137	1
26	138	1
26	142	1
26	27	0.666666666666667
26	28	0.666666666666667
26	33	0.666666666666667
26	34	0.666666666666667
26	37	0.666666666666667
26	38	0.666666666666667
26	39	0.666666666666667
26	40	0.666666666666667
26	43	0.666666666666667
26	45	0.666666666666667
26	46	0.666666666666667
26	47	0.666666666666667
26	56	0.666666666666667
26	66	0.666666666666667
26	69	0.666666666666667
26	73	0.666666666666667
26	80	0.666666666666667
26	89	0.666666666666667
27	43	1
27	66	1
27	93	1
27	99	1
27	115	1
27	131	1
27	134	1
27	144	1
27	147	1
27	149	1
27	29	0.666666666666667
27	30	0.666666666666667
27	31	0.666666666666667
27	32	0.666666666666667
27	35	0.666666666666667
27	36	0.666666666666667
27	41	0.666666666666667
27	42	0.666666666666667
27	44	0.666666666666667
27	48	0.666666666666667
27	49	0.666666666666667
27	50	0.666666666666667
27	51	0.666666666666667
27	52	0.666666666666667
27	53	0.666666666666667
27	54	0.666666666666667
27	55	0.666666666666667
27	57	0.666666666666667
27	58	0.666666666666667
27	59	0.666666666666667
27	60	0.666666666666667
27	61	0.666666666666667
27	62	0.666666666666667
27	63	0.666666666666667
27	64	0.666666666666667
27	65	0.666666666666667
27	67	0.666666666666667
27	68	0.666666666666667
27	70	0.666666666666667
27	71	0.666666666666667
27	72	0.666666666666667
27	74	0.666666666666667
27	75	0.666666666666667
27	76	0.666666666666667
27	77	0.666666666666667
27	78	0.666666666666667
27	79	0.666666666666667
27	81	0.666666666666667
27	82	0.666666666666667
27	83	0.666666666666667
28	33	1
28	34	1
28	37	1
28	38	1
28	39	1
28	40	1
28	45	1
28	46	1
28	47	1
28	56	1
28	69	1
28	73	1
28	80	1
28	89	1
28	94	1
28	96	1
28	101	1
28	102	1
28	104	1
28	105	1
28	106	1
28	112	1
28	116	1
28	117	1
28	121	1
28	124	1
28	135	1
28	136	1
28	139	1
28	140	1
28	141	1
28	143	1
28	148	1
28	29	0.666666666666667
28	32	0.666666666666667
28	35	0.666666666666667
28	36	0.666666666666667
28	41	0.666666666666667
28	42	0.666666666666667
28	48	0.666666666666667
28	49	0.666666666666667
28	51	0.666666666666667
28	52	0.666666666666667
28	57	0.666666666666667
28	60	0.666666666666667
28	62	0.666666666666667
28	67	0.666666666666667
28	68	0.666666666666667
28	70	0.666666666666667
28	74	0.666666666666667
29	32	1
29	35	1
29	36	1
29	41	1
29	42	1
29	48	1
29	49	1
29	51	1
29	52	1
29	57	1
29	60	1
29	62	1
29	67	1
29	68	1
29	70	1
29	74	1
29	84	1
29	85	1
29	86	1
29	87	1
29	91	1
29	100	1
29	103	1
29	108	1
29	120	1
29	122	1
29	128	1
29	130	1
29	137	1
29	138	1
29	142	1
29	33	0.666666666666667
29	34	0.666666666666667
29	37	0.666666666666667
29	38	0.666666666666667
29	39	0.666666666666667
29	40	0.666666666666667
29	43	0.666666666666667
29	45	0.666666666666667
29	46	0.666666666666667
29	47	0.666666666666667
29	56	0.666666666666667
29	66	0.666666666666667
29	69	0.666666666666667
29	73	0.666666666666667
29	80	0.666666666666667
29	89	0.666666666666667
29	93	0.666666666666667
29	94	0.666666666666667
29	96	0.666666666666667
30	31	1
30	44	1
30	50	1
30	53	1
30	54	1
30	55	1
30	58	1
30	59	1
30	61	1
30	63	1
30	64	1
30	65	1
30	71	1
30	72	1
30	75	1
30	76	1
30	77	1
30	78	1
30	79	1
30	81	1
30	82	1
30	83	1
30	88	1
30	90	1
30	92	1
30	95	1
30	97	1
30	98	1
30	107	1
30	109	1
30	110	1
30	111	1
30	113	1
30	114	1
30	118	1
30	119	1
30	123	1
30	125	1
30	126	1
30	127	1
30	129	1
30	132	1
30	133	1
30	145	1
30	146	1
30	150	1
30	43	0.666666666666667
30	66	0.666666666666667
30	93	0.666666666666667
30	99	0.666666666666667
31	44	1
31	50	1
31	53	1
31	54	1
31	55	1
31	58	1
31	59	1
31	61	1
31	63	1
31	64	1
31	65	1
31	71	1
31	72	1
31	75	1
31	76	1
31	77	1
31	78	1
31	79	1
31	81	1
31	82	1
31	83	1
31	88	1
31	90	1
31	92	1
31	95	1
31	97	1
31	98	1
31	107	1
31	109	1
31	110	1
31	111	1
31	113	1
31	114	1
31	118	1
31	119	1
31	123	1
31	125	1
31	126	1
31	127	1
31	129	1
31	132	1
31	133	1
31	145	1
31	146	1
31	150	1
31	43	0.666666666666667
31	66	0.666666666666667
31	93	0.666666666666667
31	99	0.666666666666667
31	115	0.666666666666667
32	35	1
32	36	1
32	41	1
32	42	1
32	48	1
32	49	1
32	51	1
32	52	1
32	57	1
32	60	1
32	62	1
32	67	1
32	68	1
32	70	1
32	74	1
32	84	1
32	85	1
32	86	1
32	87	1
32	91	1
32	100	1
32	103	1
32	108	1
32	120	1
32	122	1
32	128	1
32	130	1
32	137	1
32	138	1
32	142	1
32	33	0.666666666666667
32	34	0.666666666666667
32	37	0.666666666666667
32	38	0.666666666666667
32	39	0.666666666666667
32	40	0.666666666666667
32	43	0.666666666666667
32	45	0.666666666666667
32	46	0.666666666666667
32	47	0.666666666666667
32	56	0.666666666666667
32	66	0.666666666666667
32	69	0.666666666666667
32	73	0.666666666666667
32	80	0.666666666666667
32	89	0.666666666666667
32	93	0.666666666666667
32	94	0.666666666666667
32	96	0.666666666666667
32	99	0.666666666666667
33	34	1
33	37	1
33	38	1
33	39	1
33	40	1
33	45	1
33	46	1
33	47	1
33	56	1
33	69	1
33	73	1
33	80	1
33	89	1
33	94	1
33	96	1
33	101	1
33	102	1
33	104	1
33	105	1
33	106	1
33	112	1
33	116	1
33	117	1
33	121	1
33	124	1
33	135	1
33	136	1
33	139	1
33	140	1
33	141	1
33	143	1
33	148	1
33	35	0.666666666666667
33	36	0.666666666666667
33	41	0.666666666666667
33	42	0.666666666666667
33	48	0.666666666666667
33	49	0.666666666666667
33	51	0.666666666666667
33	52	0.666666666666667
33	57	0.666666666666667
33	60	0.666666666666667
33	62	0.666666666666667
33	67	0.666666666666667
33	68	0.666666666666667
33	70	0.666666666666667
33	74	0.666666666666667
33	84	0.666666666666667
33	85	0.666666666666667
33	86	0.666666666666667
34	37	1
34	38	1
34	39	1
34	40	1
34	45	1
34	46	1
34	47	1
34	56	1
34	69	1
34	73	1
34	80	1
34	89	1
34	94	1
34	96	1
34	101	1
34	102	1
34	104	1
34	105	1
34	106	1
34	112	1
34	116	1
34	117	1
34	121	1
34	124	1
34	135	1
34	136	1
34	139	1
34	140	1
34	141	1
34	143	1
34	148	1
34	35	0.666666666666667
34	36	0.666666666666667
34	41	0.666666666666667
34	42	0.666666666666667
34	48	0.666666666666667
34	49	0.666666666666667
34	51	0.666666666666667
34	52	0.666666666666667
34	57	0.666666666666667
34	60	0.666666666666667
34	62	0.666666666666667
34	67	0.666666666666667
34	68	0.666666666666667
34	70	0.666666666666667
34	74	0.666666666666667
34	84	0.666666666666667
34	85	0.666666666666667
34	86	0.666666666666667
34	87	0.666666666666667
35	36	1
35	41	1
35	42	1
35	48	1
35	49	1
35	51	1
35	52	1
35	57	1
35	60	1
35	62	1
35	67	1
35	68	1
35	70	1
35	74	1
35	84	1
35	85	1
35	86	1
35	87	1
35	91	1
35	100	1
35	103	1
35	108	1
35	120	1
35	122	1
35	128	1
35	130	1
35	137	1
35	138	1
35	142	1
35	37	0.666666666666667
35	38	0.666666666666667
35	39	0.666666666666667
35	40	0.666666666666667
35	43	0.666666666666667
35	45	0.666666666666667
35	46	0.666666666666667
35	47	0.666666666666667
35	56	0.666666666666667
35	66	0.666666666666667
35	69	0.666666666666667
35	73	0.666666666666667
35	80	0.666666666666667
35	89	0.666666666666667
35	93	0.666666666666667
35	94	0.666666666666667
35	96	0.666666666666667
35	99	0.666666666666667
35	101	0.666666666666667
35	102	0.666666666666667
35	104	0.666666666666667
36	41	1
36	42	1
36	48	1
36	49	1
36	51	1
36	52	1
36	57	1
36	60	1
36	62	1
36	67	1
36	68	1
36	70	1
36	74	1
36	84	1
36	85	1
36	86	1
36	87	1
36	91	1
36	100	1
36	103	1
36	108	1
36	120	1
36	122	1
36	128	1
36	130	1
36	137	1
36	138	1
36	142	1
36	37	0.666666666666667
36	38	0.666666666666667
36	39	0.666666666666667
36	40	0.666666666666667
36	43	0.666666666666667
36	45	0.666666666666667
36	46	0.666666666666667
36	47	0.666666666666667
36	56	0.666666666666667
36	66	0.666666666666667
36	69	0.666666666666667
36	73	0.666666666666667
36	80	0.666666666666667
36	89	0.666666666666667
36	93	0.666666666666667
36	94	0.666666666666667
36	96	0.666666666666667
36	99	0.666666666666667
36	101	0.666666666666667
36	102	0.666666666666667
36	104	0.666666666666667
36	105	0.666666666666667
37	38	1
37	39	1
37	40	1
37	45	1
37	46	1
37	47	1
37	56	1
37	69	1
37	73	1
37	80	1
37	89	1
37	94	1
37	96	1
37	101	1
37	102	1
37	104	1
37	105	1
37	106	1
37	112	1
37	116	1
37	117	1
37	121	1
37	124	1
37	135	1
37	136	1
37	139	1
37	140	1
37	141	1
37	143	1
37	148	1
37	41	0.666666666666667
37	42	0.666666666666667
37	48	0.666666666666667
37	49	0.666666666666667
37	51	0.666666666666667
37	52	0.666666666666667
37	57	0.666666666666667
37	60	0.666666666666667
37	62	0.666666666666667
37	67	0.666666666666667
37	68	0.666666666666667
37	70	0.666666666666667
37	74	0.666666666666667
37	84	0.666666666666667
37	85	0.666666666666667
37	86	0.666666666666667
37	87	0.666666666666667
37	91	0.666666666666667
37	100	0.666666666666667
37	103	0.666666666666667
38	39	1
38	40	1
38	45	1
38	46	1
38	47	1
38	56	1
38	69	1
38	73	1
38	80	1
38	89	1
38	94	1
38	96	1
38	101	1
38	102	1
38	104	1
38	105	1
38	106	1
38	112	1
38	116	1
38	117	1
38	121	1
38	124	1
38	135	1
38	136	1
38	139	1
38	140	1
38	141	1
38	143	1
38	148	1
38	41	0.666666666666667
38	42	0.666666666666667
38	48	0.666666666666667
38	49	0.666666666666667
38	51	0.666666666666667
38	52	0.666666666666667
38	57	0.666666666666667
38	60	0.666666666666667
38	62	0.666666666666667
38	67	0.666666666666667
38	68	0.666666666666667
38	70	0.666666666666667
38	74	0.666666666666667
38	84	0.666666666666667
38	85	0.666666666666667
38	86	0.666666666666667
38	87	0.666666666666667
38	91	0.666666666666667
38	100	0.666666666666667
38	103	0.666666666666667
38	108	0.666666666666667
39	40	1
39	45	1
39	46	1
39	47	1
39	56	1
39	69	1
39	73	1
39	80	1
39	89	1
39	94	1
39	96	1
39	101	1
39	102	1
39	104	1
39	105	1
39	106	1
39	112	1
39	116	1
39	117	1
39	121	1
39	124	1
39	135	1
39	136	1
39	139	1
39	140	1
39	141	1
39	143	1
39	148	1
39	41	0.666666666666667
39	42	0.666666666666667
39	48	0.666666666666667
39	49	0.666666666666667
39	51	0.666666666666667
39	52	0.666666666666667
39	57	0.666666666666667
39	60	0.666666666666667
39	62	0.666666666666667
39	67	0.666666666666667
39	68	0.666666666666667
39	70	0.666666666666667
39	74	0.666666666666667
39	84	0.666666666666667
39	85	0.666666666666667
39	86	0.666666666666667
39	87	0.666666666666667
39	91	0.666666666666667
39	100	0.666666666666667
39	103	0.666666666666667
39	108	0.666666666666667
39	120	0.666666666666667
40	45	1
40	46	1
40	47	1
40	56	1
40	69	1
40	73	1
40	80	1
40	89	1
40	94	1
40	96	1
40	101	1
40	102	1
40	104	1
40	105	1
40	106	1
40	112	1
40	116	1
40	117	1
40	121	1
40	124	1
40	135	1
40	136	1
40	139	1
40	140	1
40	141	1
40	143	1
40	148	1
40	41	0.666666666666667
40	42	0.666666666666667
40	48	0.666666666666667
40	49	0.666666666666667
40	51	0.666666666666667
40	52	0.666666666666667
40	57	0.666666666666667
40	60	0.666666666666667
40	62	0.666666666666667
40	67	0.666666666666667
40	68	0.666666666666667
40	70	0.666666666666667
40	74	0.666666666666667
40	84	0.666666666666667
40	85	0.666666666666667
40	86	0.666666666666667
40	87	0.666666666666667
40	91	0.666666666666667
40	100	0.666666666666667
40	103	0.666666666666667
40	108	0.666666666666667
40	120	0.666666666666667
40	122	0.666666666666667
41	42	1
41	48	1
41	49	1
41	51	1
41	52	1
41	57	1
41	60	1
41	62	1
41	67	1
41	68	1
41	70	1
41	74	1
41	84	1
41	85	1
41	86	1
41	87	1
41	91	1
41	100	1
41	103	1
41	108	1
41	120	1
41	122	1
41	128	1
41	130	1
41	137	1
41	138	1
41	142	1
41	43	0.666666666666667
41	45	0.666666666666667
41	46	0.666666666666667
41	47	0.666666666666667
41	56	0.666666666666667
41	66	0.666666666666667
41	69	0.666666666666667
41	73	0.666666666666667
41	80	0.666666666666667
41	89	0.666666666666667
41	93	0.666666666666667
41	94	0.666666666666667
41	96	0.666666666666667
41	99	0.666666666666667
41	101	0.666666666666667
41	102	0.666666666666667
41	104	0.666666666666667
41	105	0.666666666666667
41	106	0.666666666666667
41	112	0.666666666666667
41	115	0.666666666666667
41	116	0.666666666666667
41	117	0.666666666666667
42	48	1
42	49	1
42	51	1
42	52	1
42	57	1
42	60	1
42	62	1
42	67	1
42	68	1
42	70	1
42	74	1
42	84	1
42	85	1
42	86	1
42	87	1
42	91	1
42	100	1
42	103	1
42	108	1
42	120	1
42	122	1
42	128	1
42	130	1
42	137	1
42	138	1
42	142	1
42	43	0.666666666666667
42	45	0.666666666666667
42	46	0.666666666666667
42	47	0.666666666666667
42	56	0.666666666666667
42	66	0.666666666666667
42	69	0.666666666666667
42	73	0.666666666666667
42	80	0.666666666666667
42	89	0.666666666666667
42	93	0.666666666666667
42	94	0.666666666666667
42	96	0.666666666666667
42	99	0.666666666666667
42	101	0.666666666666667
42	102	0.666666666666667
42	104	0.666666666666667
42	105	0.666666666666667
42	106	0.666666666666667
42	112	0.666666666666667
42	115	0.666666666666667
42	116	0.666666666666667
42	117	0.666666666666667
42	121	0.666666666666667
43	66	1
43	93	1
43	99	1
43	115	1
43	131	1
43	134	1
43	144	1
43	147	1
43	149	1
43	44	0.666666666666667
43	48	0.666666666666667
43	49	0.666666666666667
43	50	0.666666666666667
43	51	0.666666666666667
43	52	0.666666666666667
43	53	0.666666666666667
43	54	0.666666666666667
43	55	0.666666666666667
43	57	0.666666666666667
43	58	0.666666666666667
43	59	0.666666666666667
43	60	0.666666666666667
43	61	0.666666666666667
43	62	0.666666666666667
43	63	0.666666666666667
43	64	0.666666666666667
43	65	0.666666666666667
43	67	0.666666666666667
43	68	0.666666666666667
43	70	0.666666666666667
43	71	0.666666666666667
43	72	0.666666666666667
43	74	0.666666666666667
43	75	0.666666666666667
43	76	0.666666666666667
43	77	0.666666666666667
43	78	0.666666666666667
43	79	0.666666666666667
43	81	0.666666666666667
43	82	0.666666666666667
43	83	0.666666666666667
43	84	0.666666666666667
43	85	0.666666666666667
43	86	0.666666666666667
43	87	0.666666666666667
43	88	0.666666666666667
43	90	0.666666666666667
43	91	0.666666666666667
43	92	0.666666666666667
43	95	0.666666666666667
44	50	1
44	53	1
44	54	1
44	55	1
44	58	1
44	59	1
44	61	1
44	63	1
44	64	1
44	65	1
44	71	1
44	72	1
44	75	1
44	76	1
44	77	1
44	78	1
44	79	1
44	81	1
44	82	1
44	83	1
44	88	1
44	90	1
44	92	1
44	95	1
44	97	1
44	98	1
44	107	1
44	109	1
44	110	1
44	111	1
44	113	1
44	114	1
44	118	1
44	119	1
44	123	1
44	125	1
44	126	1
44	127	1
44	129	1
44	132	1
44	133	1
44	145	1
44	146	1
44	150	1
44	66	0.666666666666667
44	93	0.666666666666667
44	99	0.666666666666667
44	115	0.666666666666667
44	131	0.666666666666667
44	134	0.666666666666667
45	46	1
45	47	1
45	56	1
45	69	1
45	73	1
45	80	1
45	89	1
45	94	1
45	96	1
45	101	1
45	102	1
45	104	1
45	105	1
45	106	1
45	112	1
45	116	1
45	117	1
45	121	1
45	124	1
45	135	1
45	136	1
45	139	1
45	140	1
45	141	1
45	143	1
45	148	1
45	48	0.666666666666667
45	49	0.666666666666667
45	51	0.666666666666667
45	52	0.666666666666667
45	57	0.666666666666667
45	60	0.666666666666667
45	62	0.666666666666667
45	67	0.666666666666667
45	68	0.666666666666667
45	70	0.666666666666667
45	74	0.666666666666667
45	84	0.666666666666667
45	85	0.666666666666667
45	86	0.666666666666667
45	87	0.666666666666667
45	91	0.666666666666667
45	100	0.666666666666667
45	103	0.666666666666667
45	108	0.666666666666667
45	120	0.666666666666667
45	122	0.666666666666667
45	128	0.666666666666667
45	130	0.666666666666667
45	137	0.666666666666667
46	47	1
46	56	1
46	69	1
46	73	1
46	80	1
46	89	1
46	94	1
46	96	1
46	101	1
46	102	1
46	104	1
46	105	1
46	106	1
46	112	1
46	116	1
46	117	1
46	121	1
46	124	1
46	135	1
46	136	1
46	139	1
46	140	1
46	141	1
46	143	1
46	148	1
46	48	0.666666666666667
46	49	0.666666666666667
46	51	0.666666666666667
46	52	0.666666666666667
46	57	0.666666666666667
46	60	0.666666666666667
46	62	0.666666666666667
46	67	0.666666666666667
46	68	0.666666666666667
46	70	0.666666666666667
46	74	0.666666666666667
46	84	0.666666666666667
46	85	0.666666666666667
46	86	0.666666666666667
46	87	0.666666666666667
46	91	0.666666666666667
46	100	0.666666666666667
46	103	0.666666666666667
46	108	0.666666666666667
46	120	0.666666666666667
46	122	0.666666666666667
46	128	0.666666666666667
46	130	0.666666666666667
46	137	0.666666666666667
46	138	0.666666666666667
47	56	1
47	69	1
47	73	1
47	80	1
47	89	1
47	94	1
47	96	1
47	101	1
47	102	1
47	104	1
47	105	1
47	106	1
47	112	1
47	116	1
47	117	1
47	121	1
47	124	1
47	135	1
47	136	1
47	139	1
47	140	1
47	141	1
47	143	1
47	148	1
47	48	0.666666666666667
47	49	0.666666666666667
47	51	0.666666666666667
47	52	0.666666666666667
47	57	0.666666666666667
47	60	0.666666666666667
47	62	0.666666666666667
47	67	0.666666666666667
47	68	0.666666666666667
47	70	0.666666666666667
47	74	0.666666666666667
47	84	0.666666666666667
47	85	0.666666666666667
47	86	0.666666666666667
47	87	0.666666666666667
47	91	0.666666666666667
47	100	0.666666666666667
47	103	0.666666666666667
47	108	0.666666666666667
47	120	0.666666666666667
47	122	0.666666666666667
47	128	0.666666666666667
47	130	0.666666666666667
47	137	0.666666666666667
47	138	0.666666666666667
47	142	0.666666666666667
48	49	1
48	51	1
48	52	1
48	57	1
48	60	1
48	62	1
48	67	1
48	68	1
48	70	1
48	74	1
48	84	1
48	85	1
48	86	1
48	87	1
48	91	1
48	100	1
48	103	1
48	108	1
48	120	1
48	122	1
48	128	1
48	130	1
48	137	1
48	138	1
48	142	1
48	56	0.666666666666667
48	66	0.666666666666667
48	69	0.666666666666667
48	73	0.666666666666667
48	80	0.666666666666667
48	89	0.666666666666667
48	93	0.666666666666667
48	94	0.666666666666667
48	96	0.666666666666667
48	99	0.666666666666667
48	101	0.666666666666667
48	102	0.666666666666667
48	104	0.666666666666667
48	105	0.666666666666667
48	106	0.666666666666667
48	112	0.666666666666667
48	115	0.666666666666667
48	116	0.666666666666667
48	117	0.666666666666667
48	121	0.666666666666667
48	124	0.666666666666667
48	131	0.666666666666667
48	134	0.666666666666667
48	135	0.666666666666667
48	136	0.666666666666667
49	51	1
49	52	1
49	57	1
49	60	1
49	62	1
49	67	1
49	68	1
49	70	1
49	74	1
49	84	1
49	85	1
49	86	1
49	87	1
49	91	1
49	100	1
49	103	1
49	108	1
49	120	1
49	122	1
49	128	1
49	130	1
49	137	1
49	138	1
49	142	1
49	56	0.666666666666667
49	66	0.666666666666667
49	69	0.666666666666667
49	73	0.666666666666667
49	80	0.666666666666667
49	89	0.666666666666667
49	93	0.666666666666667
49	94	0.666666666666667
49	96	0.666666666666667
49	99	0.666666666666667
49	101	0.666666666666667
49	102	0.666666666666667
49	104	0.666666666666667
49	105	0.666666666666667
49	106	0.666666666666667
49	112	0.666666666666667
49	115	0.666666666666667
49	116	0.666666666666667
49	117	0.666666666666667
49	121	0.666666666666667
49	124	0.666666666666667
49	131	0.666666666666667
49	134	0.666666666666667
49	135	0.666666666666667
49	136	0.666666666666667
49	139	0.666666666666667
50	53	1
50	54	1
50	55	1
50	58	1
50	59	1
50	61	1
50	63	1
50	64	1
50	65	1
50	71	1
50	72	1
50	75	1
50	76	1
50	77	1
50	78	1
50	79	1
50	81	1
50	82	1
50	83	1
50	88	1
50	90	1
50	92	1
50	95	1
50	97	1
50	98	1
50	107	1
50	109	1
50	110	1
50	111	1
50	113	1
50	114	1
50	118	1
50	119	1
50	123	1
50	125	1
50	126	1
50	127	1
50	129	1
50	132	1
50	133	1
50	145	1
50	146	1
50	150	1
50	66	0.666666666666667
50	93	0.666666666666667
50	99	0.666666666666667
50	115	0.666666666666667
50	131	0.666666666666667
50	134	0.666666666666667
50	144	0.666666666666667
51	52	1
51	57	1
51	60	1
51	62	1
51	67	1
51	68	1
51	70	1
51	74	1
51	84	1
51	85	1
51	86	1
51	87	1
51	91	1
51	100	1
51	103	1
51	108	1
51	120	1
51	122	1
51	128	1
51	130	1
51	137	1
51	138	1
51	142	1
51	56	0.666666666666667
51	66	0.666666666666667
51	69	0.666666666666667
51	73	0.666666666666667
51	80	0.666666666666667
51	89	0.666666666666667
51	93	0.666666666666667
51	94	0.666666666666667
51	96	0.666666666666667
51	99	0.666666666666667
51	101	0.666666666666667
51	102	0.666666666666667
51	104	0.666666666666667
51	105	0.666666666666667
51	106	0.666666666666667
51	112	0.666666666666667
51	115	0.666666666666667
51	116	0.666666666666667
51	117	0.666666666666667
51	121	0.666666666666667
51	124	0.666666666666667
51	131	0.666666666666667
51	134	0.666666666666667
51	135	0.666666666666667
51	136	0.666666666666667
51	139	0.666666666666667
51	140	0.666666666666667
52	57	1
52	60	1
52	62	1
52	67	1
52	68	1
52	70	1
52	74	1
52	84	1
52	85	1
52	86	1
52	87	1
52	91	1
52	100	1
52	103	1
52	108	1
52	120	1
52	122	1
52	128	1
52	130	1
52	137	1
52	138	1
52	142	1
52	56	0.666666666666667
52	66	0.666666666666667
52	69	0.666666666666667
52	73	0.666666666666667
52	80	0.666666666666667
52	89	0.666666666666667
52	93	0.666666666666667
52	94	0.666666666666667
52	96	0.666666666666667
52	99	0.666666666666667
52	101	0.666666666666667
52	102	0.666666666666667
52	104	0.666666666666667
52	105	0.666666666666667
52	106	0.666666666666667
52	112	0.666666666666667
52	115	0.666666666666667
52	116	0.666666666666667
52	117	0.666666666666667
52	121	0.666666666666667
52	124	0.666666666666667
52	131	0.666666666666667
52	134	0.666666666666667
52	135	0.666666666666667
52	136	0.666666666666667
52	139	0.666666666666667
52	140	0.666666666666667
52	141	0.666666666666667
53	54	1
53	55	1
53	58	1
53	59	1
53	61	1
53	63	1
53	64	1
53	65	1
53	71	1
53	72	1
53	75	1
53	76	1
53	77	1
53	78	1
53	79	1
53	81	1
53	82	1
53	83	1
53	88	1
53	90	1
53	92	1
53	95	1
53	97	1
53	98	1
53	107	1
53	109	1
53	110	1
53	111	1
53	113	1
53	114	1
53	118	1
53	119	1
53	123	1
53	125	1
53	126	1
53	127	1
53	129	1
53	132	1
53	133	1
53	145	1
53	146	1
53	150	1
53	66	0.666666666666667
53	93	0.666666666666667
53	99	0.666666666666667
53	115	0.666666666666667
53	131	0.666666666666667
53	134	0.666666666666667
53	144	0.666666666666667
53	147	0.666666666666667
54	55	1
54	58	1
54	59	1
54	61	1
54	63	1
54	64	1
54	65	1
54	71	1
54	72	1
54	75	1
54	76	1
54	77	1
54	78	1
54	79	1
54	81	1
54	82	1
54	83	1
54	88	1
54	90	1
54	92	1
54	95	1
54	97	1
54	98	1
54	107	1
54	109	1
54	110	1
54	111	1
54	113	1
54	114	1
54	118	1
54	119	1
54	123	1
54	125	1
54	126	1
54	127	1
54	129	1
54	132	1
54	133	1
54	145	1
54	146	1
54	150	1
54	66	0.666666666666667
54	93	0.666666666666667
54	99	0.666666666666667
54	115	0.666666666666667
54	131	0.666666666666667
54	134	0.666666666666667
54	144	0.666666666666667
54	147	0.666666666666667
54	149	0.666666666666667
55	58	1
55	59	1
55	61	1
55	63	1
55	64	1
55	65	1
55	71	1
55	72	1
55	75	1
55	76	1
55	77	1
55	78	1
55	79	1
55	81	1
55	82	1
55	83	1
55	88	1
55	90	1
55	92	1
55	95	1
55	97	1
55	98	1
55	107	1
55	109	1
55	110	1
55	111	1
55	113	1
55	114	1
55	118	1
55	119	1
55	123	1
55	125	1
55	126	1
55	127	1
55	129	1
55	132	1
55	133	1
55	145	1
55	146	1
55	150	1
55	66	0.666666666666667
55	93	0.666666666666667
55	99	0.666666666666667
55	115	0.666666666666667
55	131	0.666666666666667
55	134	0.666666666666667
55	144	0.666666666666667
55	147	0.666666666666667
55	149	0.666666666666667
55	57	0.333333333333333
56	69	1
56	73	1
56	80	1
56	89	1
56	94	1
56	96	1
56	101	1
56	102	1
56	104	1
56	105	1
56	106	1
56	112	1
56	116	1
56	117	1
56	121	1
56	124	1
56	135	1
56	136	1
56	139	1
56	140	1
56	141	1
56	143	1
56	148	1
56	57	0.666666666666667
56	60	0.666666666666667
56	62	0.666666666666667
56	67	0.666666666666667
56	68	0.666666666666667
56	70	0.666666666666667
56	74	0.666666666666667
56	84	0.666666666666667
56	85	0.666666666666667
56	86	0.666666666666667
56	87	0.666666666666667
56	91	0.666666666666667
56	100	0.666666666666667
56	103	0.666666666666667
56	108	0.666666666666667
56	120	0.666666666666667
56	122	0.666666666666667
56	128	0.666666666666667
56	130	0.666666666666667
56	137	0.666666666666667
56	138	0.666666666666667
56	142	0.666666666666667
56	66	0.333333333333333
56	93	0.333333333333333
56	99	0.333333333333333
56	115	0.333333333333333
56	131	0.333333333333333
57	60	1
57	62	1
57	67	1
57	68	1
57	70	1
57	74	1
57	84	1
57	85	1
57	86	1
57	87	1
57	91	1
57	100	1
57	103	1
57	108	1
57	120	1
57	122	1
57	128	1
57	130	1
57	137	1
57	138	1
57	142	1
57	66	0.666666666666667
57	69	0.666666666666667
57	73	0.666666666666667
57	80	0.666666666666667
57	89	0.666666666666667
57	93	0.666666666666667
57	94	0.666666666666667
57	96	0.666666666666667
57	99	0.666666666666667
57	101	0.666666666666667
57	102	0.666666666666667
57	104	0.666666666666667
57	105	0.666666666666667
57	106	0.666666666666667
57	112	0.666666666666667
57	115	0.666666666666667
57	116	0.666666666666667
57	117	0.666666666666667
57	121	0.666666666666667
57	124	0.666666666666667
57	131	0.666666666666667
57	134	0.666666666666667
57	135	0.666666666666667
57	136	0.666666666666667
57	139	0.666666666666667
57	140	0.666666666666667
57	141	0.666666666666667
57	143	0.666666666666667
57	144	0.666666666666667
58	59	1
58	61	1
58	63	1
58	64	1
58	65	1
58	71	1
58	72	1
58	75	1
58	76	1
58	77	1
58	78	1
58	79	1
58	81	1
58	82	1
58	83	1
58	88	1
58	90	1
58	92	1
58	95	1
58	97	1
58	98	1
58	107	1
58	109	1
58	110	1
58	111	1
58	113	1
58	114	1
58	118	1
58	119	1
58	123	1
58	125	1
58	126	1
58	127	1
58	129	1
58	132	1
58	133	1
58	145	1
58	146	1
58	150	1
58	66	0.666666666666667
58	93	0.666666666666667
58	99	0.666666666666667
58	115	0.666666666666667
58	131	0.666666666666667
58	134	0.666666666666667
58	144	0.666666666666667
58	147	0.666666666666667
58	149	0.666666666666667
58	60	0.333333333333333
58	62	0.333333333333333
59	61	1
59	63	1
59	64	1
59	65	1
59	71	1
59	72	1
59	75	1
59	76	1
59	77	1
59	78	1
59	79	1
59	81	1
59	82	1
59	83	1
59	88	1
59	90	1
59	92	1
59	95	1
59	97	1
59	98	1
59	107	1
59	109	1
59	110	1
59	111	1
59	113	1
59	114	1
59	118	1
59	119	1
59	123	1
59	125	1
59	126	1
59	127	1
59	129	1
59	132	1
59	133	1
59	145	1
59	146	1
59	150	1
59	66	0.666666666666667
59	93	0.666666666666667
59	99	0.666666666666667
59	115	0.666666666666667
59	131	0.666666666666667
59	134	0.666666666666667
59	144	0.666666666666667
59	147	0.666666666666667
59	149	0.666666666666667
59	60	0.333333333333333
59	62	0.333333333333333
59	67	0.333333333333333
60	62	1
60	67	1
60	68	1
60	70	1
60	74	1
60	84	1
60	85	1
60	86	1
60	87	1
60	91	1
60	100	1
60	103	1
60	108	1
60	120	1
60	122	1
60	128	1
60	130	1
60	137	1
60	138	1
60	142	1
60	66	0.666666666666667
60	69	0.666666666666667
60	73	0.666666666666667
60	80	0.666666666666667
60	89	0.666666666666667
60	93	0.666666666666667
60	94	0.666666666666667
60	96	0.666666666666667
60	99	0.666666666666667
60	101	0.666666666666667
60	102	0.666666666666667
60	104	0.666666666666667
60	105	0.666666666666667
60	106	0.666666666666667
60	112	0.666666666666667
60	115	0.666666666666667
60	116	0.666666666666667
60	117	0.666666666666667
60	121	0.666666666666667
60	124	0.666666666666667
60	131	0.666666666666667
60	134	0.666666666666667
60	135	0.666666666666667
60	136	0.666666666666667
60	139	0.666666666666667
60	140	0.666666666666667
60	141	0.666666666666667
60	143	0.666666666666667
60	144	0.666666666666667
60	147	0.666666666666667
61	63	1
61	64	1
61	65	1
61	71	1
61	72	1
61	75	1
61	76	1
61	77	1
61	78	1
61	79	1
61	81	1
61	82	1
61	83	1
61	88	1
61	90	1
61	92	1
61	95	1
61	97	1
61	98	1
61	107	1
61	109	1
61	110	1
61	111	1
61	113	1
61	114	1
61	118	1
61	119	1
61	123	1
61	125	1
61	126	1
61	127	1
61	129	1
61	132	1
61	133	1
61	145	1
61	146	1
61	150	1
61	66	0.666666666666667
61	93	0.666666666666667
61	99	0.666666666666667
61	115	0.666666666666667
61	131	0.666666666666667
61	134	0.666666666666667
61	144	0.666666666666667
61	147	0.666666666666667
61	149	0.666666666666667
61	62	0.333333333333333
61	67	0.333333333333333
61	68	0.333333333333333
61	70	0.333333333333333
62	67	1
62	68	1
62	70	1
62	74	1
62	84	1
62	85	1
62	86	1
62	87	1
62	91	1
62	100	1
62	103	1
62	108	1
62	120	1
62	122	1
62	128	1
62	130	1
62	137	1
62	138	1
62	142	1
62	66	0.666666666666667
62	69	0.666666666666667
62	73	0.666666666666667
62	80	0.666666666666667
62	89	0.666666666666667
62	93	0.666666666666667
62	94	0.666666666666667
62	96	0.666666666666667
62	99	0.666666666666667
62	101	0.666666666666667
62	102	0.666666666666667
62	104	0.666666666666667
62	105	0.666666666666667
62	106	0.666666666666667
62	112	0.666666666666667
62	115	0.666666666666667
62	116	0.666666666666667
62	117	0.666666666666667
62	121	0.666666666666667
62	124	0.666666666666667
62	131	0.666666666666667
62	134	0.666666666666667
62	135	0.666666666666667
62	136	0.666666666666667
62	139	0.666666666666667
62	140	0.666666666666667
62	141	0.666666666666667
62	143	0.666666666666667
62	144	0.666666666666667
62	147	0.666666666666667
62	148	0.666666666666667
63	64	1
63	65	1
63	71	1
63	72	1
63	75	1
63	76	1
63	77	1
63	78	1
63	79	1
63	81	1
63	82	1
63	83	1
63	88	1
63	90	1
63	92	1
63	95	1
63	97	1
63	98	1
63	107	1
63	109	1
63	110	1
63	111	1
63	113	1
63	114	1
63	118	1
63	119	1
63	123	1
63	125	1
63	126	1
63	127	1
63	129	1
63	132	1
63	133	1
63	145	1
63	146	1
63	150	1
63	66	0.666666666666667
63	93	0.666666666666667
63	99	0.666666666666667
63	115	0.666666666666667
63	131	0.666666666666667
63	134	0.666666666666667
63	144	0.666666666666667
63	147	0.666666666666667
63	149	0.666666666666667
63	67	0.333333333333333
63	68	0.333333333333333
63	70	0.333333333333333
63	74	0.333333333333333
63	84	0.333333333333333
64	65	1
64	71	1
64	72	1
64	75	1
64	76	1
64	77	1
64	78	1
64	79	1
64	81	1
64	82	1
64	83	1
64	88	1
64	90	1
64	92	1
64	95	1
64	97	1
64	98	1
64	107	1
64	109	1
64	110	1
64	111	1
64	113	1
64	114	1
64	118	1
64	119	1
64	123	1
64	125	1
64	126	1
64	127	1
64	129	1
64	132	1
64	133	1
64	145	1
64	146	1
64	150	1
64	66	0.666666666666667
64	93	0.666666666666667
64	99	0.666666666666667
64	115	0.666666666666667
64	131	0.666666666666667
64	134	0.666666666666667
64	144	0.666666666666667
64	147	0.666666666666667
64	149	0.666666666666667
64	67	0.333333333333333
64	68	0.333333333333333
64	70	0.333333333333333
64	74	0.333333333333333
64	84	0.333333333333333
64	85	0.333333333333333
65	71	1
65	72	1
65	75	1
65	76	1
65	77	1
65	78	1
65	79	1
65	81	1
65	82	1
65	83	1
65	88	1
65	90	1
65	92	1
65	95	1
65	97	1
65	98	1
65	107	1
65	109	1
65	110	1
65	111	1
65	113	1
65	114	1
65	118	1
65	119	1
65	123	1
65	125	1
65	126	1
65	127	1
65	129	1
65	132	1
65	133	1
65	145	1
65	146	1
65	150	1
65	66	0.666666666666667
65	93	0.666666666666667
65	99	0.666666666666667
65	115	0.666666666666667
65	131	0.666666666666667
65	134	0.666666666666667
65	144	0.666666666666667
65	147	0.666666666666667
65	149	0.666666666666667
65	67	0.333333333333333
65	68	0.333333333333333
65	70	0.333333333333333
65	74	0.333333333333333
65	84	0.333333333333333
65	85	0.333333333333333
65	86	0.333333333333333
66	93	1
66	99	1
66	115	1
66	131	1
66	134	1
66	144	1
66	147	1
66	149	1
66	67	0.666666666666667
66	68	0.666666666666667
66	70	0.666666666666667
66	71	0.666666666666667
66	72	0.666666666666667
66	74	0.666666666666667
66	75	0.666666666666667
66	76	0.666666666666667
66	77	0.666666666666667
66	78	0.666666666666667
66	79	0.666666666666667
66	81	0.666666666666667
66	82	0.666666666666667
66	83	0.666666666666667
66	84	0.666666666666667
66	85	0.666666666666667
66	86	0.666666666666667
66	87	0.666666666666667
66	88	0.666666666666667
66	90	0.666666666666667
66	91	0.666666666666667
66	92	0.666666666666667
66	95	0.666666666666667
66	97	0.666666666666667
66	98	0.666666666666667
66	100	0.666666666666667
66	103	0.666666666666667
66	107	0.666666666666667
66	108	0.666666666666667
66	109	0.666666666666667
66	110	0.666666666666667
66	111	0.666666666666667
66	113	0.666666666666667
66	114	0.666666666666667
66	118	0.666666666666667
66	119	0.666666666666667
66	120	0.666666666666667
66	122	0.666666666666667
66	123	0.666666666666667
66	125	0.666666666666667
66	126	0.666666666666667
66	127	0.666666666666667
67	68	1
67	70	1
67	74	1
67	84	1
67	85	1
67	86	1
67	87	1
67	91	1
67	100	1
67	103	1
67	108	1
67	120	1
67	122	1
67	128	1
67	130	1
67	137	1
67	138	1
67	142	1
67	69	0.666666666666667
67	73	0.666666666666667
67	80	0.666666666666667
67	89	0.666666666666667
67	93	0.666666666666667
67	94	0.666666666666667
67	96	0.666666666666667
67	99	0.666666666666667
67	101	0.666666666666667
67	102	0.666666666666667
67	104	0.666666666666667
67	105	0.666666666666667
67	106	0.666666666666667
67	112	0.666666666666667
67	115	0.666666666666667
67	116	0.666666666666667
67	117	0.666666666666667
67	121	0.666666666666667
67	124	0.666666666666667
67	131	0.666666666666667
67	134	0.666666666666667
67	135	0.666666666666667
67	136	0.666666666666667
67	139	0.666666666666667
67	140	0.666666666666667
67	141	0.666666666666667
67	143	0.666666666666667
67	144	0.666666666666667
67	147	0.666666666666667
67	148	0.666666666666667
67	149	0.666666666666667
67	71	0.333333333333333
68	70	1
68	74	1
68	84	1
68	85	1
68	86	1
68	87	1
68	91	1
68	100	1
68	103	1
68	108	1
68	120	1
68	122	1
68	128	1
68	130	1
68	137	1
68	138	1
68	142	1
68	69	0.666666666666667
68	73	0.666666666666667
68	80	0.666666666666667
68	89	0.666666666666667
68	93	0.666666666666667
68	94	0.666666666666667
68	96	0.666666666666667
68	99	0.666666666666667
68	101	0.666666666666667
68	102	0.666666666666667
68	104	0.666666666666667
68	105	0.666666666666667
68	106	0.666666666666667
68	112	0.666666666666667
68	115	0.666666666666667
68	116	0.666666666666667
68	117	0.666666666666667
68	121	0.666666666666667
68	124	0.666666666666667
68	131	0.666666666666667
68	134	0.666666666666667
68	135	0.666666666666667
68	136	0.666666666666667
68	139	0.666666666666667
68	140	0.666666666666667
68	141	0.666666666666667
68	143	0.666666666666667
68	144	0.666666666666667
68	147	0.666666666666667
68	148	0.666666666666667
68	149	0.666666666666667
68	71	0.333333333333333
68	72	0.333333333333333
69	73	1
69	80	1
69	89	1
69	94	1
69	96	1
69	101	1
69	102	1
69	104	1
69	105	1
69	106	1
69	112	1
69	116	1
69	117	1
69	121	1
69	124	1
69	135	1
69	136	1
69	139	1
69	140	1
69	141	1
69	143	1
69	148	1
69	70	0.666666666666667
69	74	0.666666666666667
69	84	0.666666666666667
69	85	0.666666666666667
69	86	0.666666666666667
69	87	0.666666666666667
69	91	0.666666666666667
69	100	0.666666666666667
69	103	0.666666666666667
69	108	0.666666666666667
69	120	0.666666666666667
69	122	0.666666666666667
69	128	0.666666666666667
69	130	0.666666666666667
69	137	0.666666666666667
69	138	0.666666666666667
69	142	0.666666666666667
69	93	0.333333333333333
69	99	0.333333333333333
69	115	0.333333333333333
69	131	0.333333333333333
69	134	0.333333333333333
69	144	0.333333333333333
69	147	0.333333333333333
69	149	0.333333333333333
70	74	1
70	84	1
70	85	1
70	86	1
70	87	1
70	91	1
70	100	1
70	103	1
70	108	1
70	120	1
70	122	1
70	128	1
70	130	1
70	137	1
70	138	1
70	142	1
70	73	0.666666666666667
70	80	0.666666666666667
70	89	0.666666666666667
70	93	0.666666666666667
70	94	0.666666666666667
70	96	0.666666666666667
70	99	0.666666666666667
70	101	0.666666666666667
70	102	0.666666666666667
70	104	0.666666666666667
70	105	0.666666666666667
70	106	0.666666666666667
70	112	0.666666666666667
70	115	0.666666666666667
70	116	0.666666666666667
70	117	0.666666666666667
70	121	0.666666666666667
70	124	0.666666666666667
70	131	0.666666666666667
70	134	0.666666666666667
70	135	0.666666666666667
70	136	0.666666666666667
70	139	0.666666666666667
70	140	0.666666666666667
70	141	0.666666666666667
70	143	0.666666666666667
70	144	0.666666666666667
70	147	0.666666666666667
70	148	0.666666666666667
70	149	0.666666666666667
70	71	0.333333333333333
70	72	0.333333333333333
70	75	0.333333333333333
70	76	0.333333333333333
71	72	1
71	75	1
71	76	1
71	77	1
71	78	1
71	79	1
71	81	1
71	82	1
71	83	1
71	88	1
71	90	1
71	92	1
71	95	1
71	97	1
71	98	1
71	107	1
71	109	1
71	110	1
71	111	1
71	113	1
71	114	1
71	118	1
71	119	1
71	123	1
71	125	1
71	126	1
71	127	1
71	129	1
71	132	1
71	133	1
71	145	1
71	146	1
71	150	1
71	93	0.666666666666667
71	99	0.666666666666667
71	115	0.666666666666667
71	131	0.666666666666667
71	134	0.666666666666667
71	144	0.666666666666667
71	147	0.666666666666667
71	149	0.666666666666667
71	74	0.333333333333333
71	84	0.333333333333333
71	85	0.333333333333333
71	86	0.333333333333333
71	87	0.333333333333333
71	91	0.333333333333333
71	100	0.333333333333333
71	103	0.333333333333333
71	108	0.333333333333333
72	75	1
72	76	1
72	77	1
72	78	1
72	79	1
72	81	1
72	82	1
72	83	1
72	88	1
72	90	1
72	92	1
72	95	1
72	97	1
72	98	1
72	107	1
72	109	1
72	110	1
72	111	1
72	113	1
72	114	1
72	118	1
72	119	1
72	123	1
72	125	1
72	126	1
72	127	1
72	129	1
72	132	1
72	133	1
72	145	1
72	146	1
72	150	1
72	93	0.666666666666667
72	99	0.666666666666667
72	115	0.666666666666667
72	131	0.666666666666667
72	134	0.666666666666667
72	144	0.666666666666667
72	147	0.666666666666667
72	149	0.666666666666667
72	74	0.333333333333333
72	84	0.333333333333333
72	85	0.333333333333333
72	86	0.333333333333333
72	87	0.333333333333333
72	91	0.333333333333333
72	100	0.333333333333333
72	103	0.333333333333333
72	108	0.333333333333333
72	120	0.333333333333333
73	80	1
73	89	1
73	94	1
73	96	1
73	101	1
73	102	1
73	104	1
73	105	1
73	106	1
73	112	1
73	116	1
73	117	1
73	121	1
73	124	1
73	135	1
73	136	1
73	139	1
73	140	1
73	141	1
73	143	1
73	148	1
73	74	0.666666666666667
73	84	0.666666666666667
73	85	0.666666666666667
73	86	0.666666666666667
73	87	0.666666666666667
73	91	0.666666666666667
73	100	0.666666666666667
73	103	0.666666666666667
73	108	0.666666666666667
73	120	0.666666666666667
73	122	0.666666666666667
73	128	0.666666666666667
73	130	0.666666666666667
73	137	0.666666666666667
73	138	0.666666666666667
73	142	0.666666666666667
73	93	0.333333333333333
73	99	0.333333333333333
73	115	0.333333333333333
73	131	0.333333333333333
73	134	0.333333333333333
73	144	0.333333333333333
73	147	0.333333333333333
73	149	0.333333333333333
74	84	1
74	85	1
74	86	1
74	87	1
74	91	1
74	100	1
74	103	1
74	108	1
74	120	1
74	122	1
74	128	1
74	130	1
74	137	1
74	138	1
74	142	1
74	80	0.666666666666667
74	89	0.666666666666667
74	93	0.666666666666667
74	94	0.666666666666667
74	96	0.666666666666667
74	99	0.666666666666667
74	101	0.666666666666667
74	102	0.666666666666667
74	104	0.666666666666667
74	105	0.666666666666667
74	106	0.666666666666667
74	112	0.666666666666667
74	115	0.666666666666667
74	116	0.666666666666667
74	117	0.666666666666667
74	121	0.666666666666667
74	124	0.666666666666667
74	131	0.666666666666667
74	134	0.666666666666667
74	135	0.666666666666667
74	136	0.666666666666667
74	139	0.666666666666667
74	140	0.666666666666667
74	141	0.666666666666667
74	143	0.666666666666667
74	144	0.666666666666667
74	147	0.666666666666667
74	148	0.666666666666667
74	149	0.666666666666667
74	75	0.333333333333333
74	76	0.333333333333333
74	77	0.333333333333333
74	78	0.333333333333333
74	79	0.333333333333333
74	81	0.333333333333333
75	76	1
75	77	1
75	78	1
75	79	1
75	81	1
75	82	1
75	83	1
75	88	1
75	90	1
75	92	1
75	95	1
75	97	1
75	98	1
75	107	1
75	109	1
75	110	1
75	111	1
75	113	1
75	114	1
75	118	1
75	119	1
75	123	1
75	125	1
75	126	1
75	127	1
75	129	1
75	132	1
75	133	1
75	145	1
75	146	1
75	150	1
75	93	0.666666666666667
75	99	0.666666666666667
75	115	0.666666666666667
75	131	0.666666666666667
75	134	0.666666666666667
75	144	0.666666666666667
75	147	0.666666666666667
75	149	0.666666666666667
75	84	0.333333333333333
75	85	0.333333333333333
75	86	0.333333333333333
75	87	0.333333333333333
75	91	0.333333333333333
75	100	0.333333333333333
75	103	0.333333333333333
75	108	0.333333333333333
75	120	0.333333333333333
75	122	0.333333333333333
75	128	0.333333333333333
76	77	1
76	78	1
76	79	1
76	81	1
76	82	1
76	83	1
76	88	1
76	90	1
76	92	1
76	95	1
76	97	1
76	98	1
76	107	1
76	109	1
76	110	1
76	111	1
76	113	1
76	114	1
76	118	1
76	119	1
76	123	1
76	125	1
76	126	1
76	127	1
76	129	1
76	132	1
76	133	1
76	145	1
76	146	1
76	150	1
76	93	0.666666666666667
76	99	0.666666666666667
76	115	0.666666666666667
76	131	0.666666666666667
76	134	0.666666666666667
76	144	0.666666666666667
76	147	0.666666666666667
76	149	0.666666666666667
76	84	0.333333333333333
76	85	0.333333333333333
76	86	0.333333333333333
76	87	0.333333333333333
76	91	0.333333333333333
76	100	0.333333333333333
76	103	0.333333333333333
76	108	0.333333333333333
76	120	0.333333333333333
76	122	0.333333333333333
76	128	0.333333333333333
76	130	0.333333333333333
77	78	1
77	79	1
77	81	1
77	82	1
77	83	1
77	88	1
77	90	1
77	92	1
77	95	1
77	97	1
77	98	1
77	107	1
77	109	1
77	110	1
77	111	1
77	113	1
77	114	1
77	118	1
77	119	1
77	123	1
77	125	1
77	126	1
77	127	1
77	129	1
77	132	1
77	133	1
77	145	1
77	146	1
77	150	1
77	93	0.666666666666667
77	99	0.666666666666667
77	115	0.666666666666667
77	131	0.666666666666667
77	134	0.666666666666667
77	144	0.666666666666667
77	147	0.666666666666667
77	149	0.666666666666667
77	84	0.333333333333333
77	85	0.333333333333333
77	86	0.333333333333333
77	87	0.333333333333333
77	91	0.333333333333333
77	100	0.333333333333333
77	103	0.333333333333333
77	108	0.333333333333333
77	120	0.333333333333333
77	122	0.333333333333333
77	128	0.333333333333333
77	130	0.333333333333333
77	137	0.333333333333333
78	79	1
78	81	1
78	82	1
78	83	1
78	88	1
78	90	1
78	92	1
78	95	1
78	97	1
78	98	1
78	107	1
78	109	1
78	110	1
78	111	1
78	113	1
78	114	1
78	118	1
78	119	1
78	123	1
78	125	1
78	126	1
78	127	1
78	129	1
78	132	1
78	133	1
78	145	1
78	146	1
78	150	1
78	93	0.666666666666667
78	99	0.666666666666667
78	115	0.666666666666667
78	131	0.666666666666667
78	134	0.666666666666667
78	144	0.666666666666667
78	147	0.666666666666667
78	149	0.666666666666667
78	84	0.333333333333333
78	85	0.333333333333333
78	86	0.333333333333333
78	87	0.333333333333333
78	91	0.333333333333333
78	100	0.333333333333333
78	103	0.333333333333333
78	108	0.333333333333333
78	120	0.333333333333333
78	122	0.333333333333333
78	128	0.333333333333333
78	130	0.333333333333333
78	137	0.333333333333333
78	138	0.333333333333333
79	81	1
79	82	1
79	83	1
79	88	1
79	90	1
79	92	1
79	95	1
79	97	1
79	98	1
79	107	1
79	109	1
79	110	1
79	111	1
79	113	1
79	114	1
79	118	1
79	119	1
79	123	1
79	125	1
79	126	1
79	127	1
79	129	1
79	132	1
79	133	1
79	145	1
79	146	1
79	150	1
79	93	0.666666666666667
79	99	0.666666666666667
79	115	0.666666666666667
79	131	0.666666666666667
79	134	0.666666666666667
79	144	0.666666666666667
79	147	0.666666666666667
79	149	0.666666666666667
79	84	0.333333333333333
79	85	0.333333333333333
79	86	0.333333333333333
79	87	0.333333333333333
79	91	0.333333333333333
79	100	0.333333333333333
79	103	0.333333333333333
79	108	0.333333333333333
79	120	0.333333333333333
79	122	0.333333333333333
79	128	0.333333333333333
79	130	0.333333333333333
79	137	0.333333333333333
79	138	0.333333333333333
79	142	0.333333333333333
80	89	1
80	94	1
80	96	1
80	101	1
80	102	1
80	104	1
80	105	1
80	106	1
80	112	1
80	116	1
80	117	1
80	121	1
80	124	1
80	135	1
80	136	1
80	139	1
80	140	1
80	141	1
80	143	1
80	148	1
80	84	0.666666666666667
80	85	0.666666666666667
80	86	0.666666666666667
80	87	0.666666666666667
80	91	0.666666666666667
80	100	0.666666666666667
80	103	0.666666666666667
80	108	0.666666666666667
80	120	0.666666666666667
80	122	0.666666666666667
80	128	0.666666666666667
80	130	0.666666666666667
80	137	0.666666666666667
80	138	0.666666666666667
80	142	0.666666666666667
80	93	0.333333333333333
80	99	0.333333333333333
80	115	0.333333333333333
80	131	0.333333333333333
80	134	0.333333333333333
80	144	0.333333333333333
80	147	0.333333333333333
80	149	0.333333333333333
81	82	1
81	83	1
81	88	1
81	90	1
81	92	1
81	95	1
81	97	1
81	98	1
81	107	1
81	109	1
81	110	1
81	111	1
81	113	1
81	114	1
81	118	1
81	119	1
81	123	1
81	125	1
81	126	1
81	127	1
81	129	1
81	132	1
81	133	1
81	145	1
81	146	1
81	150	1
81	93	0.666666666666667
81	99	0.666666666666667
81	115	0.666666666666667
81	131	0.666666666666667
81	134	0.666666666666667
81	144	0.666666666666667
81	147	0.666666666666667
81	149	0.666666666666667
81	84	0.333333333333333
81	85	0.333333333333333
81	86	0.333333333333333
81	87	0.333333333333333
81	91	0.333333333333333
81	100	0.333333333333333
81	103	0.333333333333333
81	108	0.333333333333333
81	120	0.333333333333333
81	122	0.333333333333333
81	128	0.333333333333333
81	130	0.333333333333333
81	137	0.333333333333333
81	138	0.333333333333333
81	142	0.333333333333333
82	83	1
82	88	1
82	90	1
82	92	1
82	95	1
82	97	1
82	98	1
82	107	1
82	109	1
82	110	1
82	111	1
82	113	1
82	114	1
82	118	1
82	119	1
82	123	1
82	125	1
82	126	1
82	127	1
82	129	1
82	132	1
82	133	1
82	145	1
82	146	1
82	150	1
82	93	0.666666666666667
82	99	0.666666666666667
82	115	0.666666666666667
82	131	0.666666666666667
82	134	0.666666666666667
82	144	0.666666666666667
82	147	0.666666666666667
82	149	0.666666666666667
82	84	0.333333333333333
82	85	0.333333333333333
82	86	0.333333333333333
82	87	0.333333333333333
82	91	0.333333333333333
82	100	0.333333333333333
82	103	0.333333333333333
82	108	0.333333333333333
82	120	0.333333333333333
82	122	0.333333333333333
82	128	0.333333333333333
82	130	0.333333333333333
82	137	0.333333333333333
82	138	0.333333333333333
82	142	0.333333333333333
83	88	1
83	90	1
83	92	1
83	95	1
83	97	1
83	98	1
83	107	1
83	109	1
83	110	1
83	111	1
83	113	1
83	114	1
83	118	1
83	119	1
83	123	1
83	125	1
83	126	1
83	127	1
83	129	1
83	132	1
83	133	1
83	145	1
83	146	1
83	150	1
83	93	0.666666666666667
83	99	0.666666666666667
83	115	0.666666666666667
83	131	0.666666666666667
83	134	0.666666666666667
83	144	0.666666666666667
83	147	0.666666666666667
83	149	0.666666666666667
83	84	0.333333333333333
83	85	0.333333333333333
83	86	0.333333333333333
83	87	0.333333333333333
83	91	0.333333333333333
83	100	0.333333333333333
83	103	0.333333333333333
83	108	0.333333333333333
83	120	0.333333333333333
83	122	0.333333333333333
83	128	0.333333333333333
83	130	0.333333333333333
83	137	0.333333333333333
83	138	0.333333333333333
83	142	0.333333333333333
84	85	1
84	86	1
84	87	1
84	91	1
84	100	1
84	103	1
84	108	1
84	120	1
84	122	1
84	128	1
84	130	1
84	137	1
84	138	1
84	142	1
84	89	0.666666666666667
84	93	0.666666666666667
84	94	0.666666666666667
84	96	0.666666666666667
84	99	0.666666666666667
84	101	0.666666666666667
84	102	0.666666666666667
84	104	0.666666666666667
84	105	0.666666666666667
84	106	0.666666666666667
84	112	0.666666666666667
84	115	0.666666666666667
84	116	0.666666666666667
84	117	0.666666666666667
84	121	0.666666666666667
84	124	0.666666666666667
84	131	0.666666666666667
84	134	0.666666666666667
84	135	0.666666666666667
84	136	0.666666666666667
84	139	0.666666666666667
84	140	0.666666666666667
84	141	0.666666666666667
84	143	0.666666666666667
84	144	0.666666666666667
84	147	0.666666666666667
84	148	0.666666666666667
84	149	0.666666666666667
84	88	0.333333333333333
84	90	0.333333333333333
84	92	0.333333333333333
84	95	0.333333333333333
84	97	0.333333333333333
84	98	0.333333333333333
84	107	0.333333333333333
84	109	0.333333333333333
85	86	1
85	87	1
85	91	1
85	100	1
85	103	1
85	108	1
85	120	1
85	122	1
85	128	1
85	130	1
85	137	1
85	138	1
85	142	1
85	89	0.666666666666667
85	93	0.666666666666667
85	94	0.666666666666667
85	96	0.666666666666667
85	99	0.666666666666667
85	101	0.666666666666667
85	102	0.666666666666667
85	104	0.666666666666667
85	105	0.666666666666667
85	106	0.666666666666667
85	112	0.666666666666667
85	115	0.666666666666667
85	116	0.666666666666667
85	117	0.666666666666667
85	121	0.666666666666667
85	124	0.666666666666667
85	131	0.666666666666667
85	134	0.666666666666667
85	135	0.666666666666667
85	136	0.666666666666667
85	139	0.666666666666667
85	140	0.666666666666667
85	141	0.666666666666667
85	143	0.666666666666667
85	144	0.666666666666667
85	147	0.666666666666667
85	148	0.666666666666667
85	149	0.666666666666667
85	88	0.333333333333333
85	90	0.333333333333333
85	92	0.333333333333333
85	95	0.333333333333333
85	97	0.333333333333333
85	98	0.333333333333333
85	107	0.333333333333333
85	109	0.333333333333333
85	110	0.333333333333333
86	87	1
86	91	1
86	100	1
86	103	1
86	108	1
86	120	1
86	122	1
86	128	1
86	130	1
86	137	1
86	138	1
86	142	1
86	89	0.666666666666667
86	93	0.666666666666667
86	94	0.666666666666667
86	96	0.666666666666667
86	99	0.666666666666667
86	101	0.666666666666667
86	102	0.666666666666667
86	104	0.666666666666667
86	105	0.666666666666667
86	106	0.666666666666667
86	112	0.666666666666667
86	115	0.666666666666667
86	116	0.666666666666667
86	117	0.666666666666667
86	121	0.666666666666667
86	124	0.666666666666667
86	131	0.666666666666667
86	134	0.666666666666667
86	135	0.666666666666667
86	136	0.666666666666667
86	139	0.666666666666667
86	140	0.666666666666667
86	141	0.666666666666667
86	143	0.666666666666667
86	144	0.666666666666667
86	147	0.666666666666667
86	148	0.666666666666667
86	149	0.666666666666667
86	88	0.333333333333333
86	90	0.333333333333333
86	92	0.333333333333333
86	95	0.333333333333333
86	97	0.333333333333333
86	98	0.333333333333333
86	107	0.333333333333333
86	109	0.333333333333333
86	110	0.333333333333333
86	111	0.333333333333333
87	91	1
87	100	1
87	103	1
87	108	1
87	120	1
87	122	1
87	128	1
87	130	1
87	137	1
87	138	1
87	142	1
87	89	0.666666666666667
87	93	0.666666666666667
87	94	0.666666666666667
87	96	0.666666666666667
87	99	0.666666666666667
87	101	0.666666666666667
87	102	0.666666666666667
87	104	0.666666666666667
87	105	0.666666666666667
87	106	0.666666666666667
87	112	0.666666666666667
87	115	0.666666666666667
87	116	0.666666666666667
87	117	0.666666666666667
87	121	0.666666666666667
87	124	0.666666666666667
87	131	0.666666666666667
87	134	0.666666666666667
87	135	0.666666666666667
87	136	0.666666666666667
87	139	0.666666666666667
87	140	0.666666666666667
87	141	0.666666666666667
87	143	0.666666666666667
87	144	0.666666666666667
87	147	0.666666666666667
87	148	0.666666666666667
87	149	0.666666666666667
87	88	0.333333333333333
87	90	0.333333333333333
87	92	0.333333333333333
87	95	0.333333333333333
87	97	0.333333333333333
87	98	0.333333333333333
87	107	0.333333333333333
87	109	0.333333333333333
87	110	0.333333333333333
87	111	0.333333333333333
87	113	0.333333333333333
88	90	1
88	92	1
88	95	1
88	97	1
88	98	1
88	107	1
88	109	1
88	110	1
88	111	1
88	113	1
88	114	1
88	118	1
88	119	1
88	123	1
88	125	1
88	126	1
88	127	1
88	129	1
88	132	1
88	133	1
88	145	1
88	146	1
88	150	1
88	93	0.666666666666667
88	99	0.666666666666667
88	115	0.666666666666667
88	131	0.666666666666667
88	134	0.666666666666667
88	144	0.666666666666667
88	147	0.666666666666667
88	149	0.666666666666667
88	91	0.333333333333333
88	100	0.333333333333333
88	103	0.333333333333333
88	108	0.333333333333333
88	120	0.333333333333333
88	122	0.333333333333333
88	128	0.333333333333333
88	130	0.333333333333333
88	137	0.333333333333333
88	138	0.333333333333333
88	142	0.333333333333333
89	94	1
89	96	1
89	101	1
89	102	1
89	104	1
89	105	1
89	106	1
89	112	1
89	116	1
89	117	1
89	121	1
89	124	1
89	135	1
89	136	1
89	139	1
89	140	1
89	141	1
89	143	1
89	148	1
89	91	0.666666666666667
89	100	0.666666666666667
89	103	0.666666666666667
89	108	0.666666666666667
89	120	0.666666666666667
89	122	0.666666666666667
89	128	0.666666666666667
89	130	0.666666666666667
89	137	0.666666666666667
89	138	0.666666666666667
89	142	0.666666666666667
89	93	0.333333333333333
89	99	0.333333333333333
89	115	0.333333333333333
89	131	0.333333333333333
89	134	0.333333333333333
89	144	0.333333333333333
89	147	0.333333333333333
89	149	0.333333333333333
90	92	1
90	95	1
90	97	1
90	98	1
90	107	1
90	109	1
90	110	1
90	111	1
90	113	1
90	114	1
90	118	1
90	119	1
90	123	1
90	125	1
90	126	1
90	127	1
90	129	1
90	132	1
90	133	1
90	145	1
90	146	1
90	150	1
90	93	0.666666666666667
90	99	0.666666666666667
90	115	0.666666666666667
90	131	0.666666666666667
90	134	0.666666666666667
90	144	0.666666666666667
90	147	0.666666666666667
90	149	0.666666666666667
90	91	0.333333333333333
90	100	0.333333333333333
90	103	0.333333333333333
90	108	0.333333333333333
90	120	0.333333333333333
90	122	0.333333333333333
90	128	0.333333333333333
90	130	0.333333333333333
90	137	0.333333333333333
90	138	0.333333333333333
90	142	0.333333333333333
91	100	1
91	103	1
91	108	1
91	120	1
91	122	1
91	128	1
91	130	1
91	137	1
91	138	1
91	142	1
91	93	0.666666666666667
91	94	0.666666666666667
91	96	0.666666666666667
91	99	0.666666666666667
91	101	0.666666666666667
91	102	0.666666666666667
91	104	0.666666666666667
91	105	0.666666666666667
91	106	0.666666666666667
91	112	0.666666666666667
91	115	0.666666666666667
91	116	0.666666666666667
91	117	0.666666666666667
91	121	0.666666666666667
91	124	0.666666666666667
91	131	0.666666666666667
91	134	0.666666666666667
91	135	0.666666666666667
91	136	0.666666666666667
91	139	0.666666666666667
91	140	0.666666666666667
91	141	0.666666666666667
91	143	0.666666666666667
91	144	0.666666666666667
91	147	0.666666666666667
91	148	0.666666666666667
91	149	0.666666666666667
91	92	0.333333333333333
91	95	0.333333333333333
91	97	0.333333333333333
91	98	0.333333333333333
91	107	0.333333333333333
91	109	0.333333333333333
91	110	0.333333333333333
91	111	0.333333333333333
91	113	0.333333333333333
91	114	0.333333333333333
91	118	0.333333333333333
91	119	0.333333333333333
91	123	0.333333333333333
92	95	1
92	97	1
92	98	1
92	107	1
92	109	1
92	110	1
92	111	1
92	113	1
92	114	1
92	118	1
92	119	1
92	123	1
92	125	1
92	126	1
92	127	1
92	129	1
92	132	1
92	133	1
92	145	1
92	146	1
92	150	1
92	93	0.666666666666667
92	99	0.666666666666667
92	115	0.666666666666667
92	131	0.666666666666667
92	134	0.666666666666667
92	144	0.666666666666667
92	147	0.666666666666667
92	149	0.666666666666667
92	100	0.333333333333333
92	103	0.333333333333333
92	108	0.333333333333333
92	120	0.333333333333333
92	122	0.333333333333333
92	128	0.333333333333333
92	130	0.333333333333333
92	137	0.333333333333333
92	138	0.333333333333333
92	142	0.333333333333333
93	99	1
93	115	1
93	131	1
93	134	1
93	144	1
93	147	1
93	149	1
93	95	0.666666666666667
93	97	0.666666666666667
93	98	0.666666666666667
93	100	0.666666666666667
93	103	0.666666666666667
93	107	0.666666666666667
93	108	0.666666666666667
93	109	0.666666666666667
93	110	0.666666666666667
93	111	0.666666666666667
93	113	0.666666666666667
93	114	0.666666666666667
93	118	0.666666666666667
93	119	0.666666666666667
93	120	0.666666666666667
93	122	0.666666666666667
93	123	0.666666666666667
93	125	0.666666666666667
93	126	0.666666666666667
93	127	0.666666666666667
93	128	0.666666666666667
93	129	0.666666666666667
93	130	0.666666666666667
93	132	0.666666666666667
93	133	0.666666666666667
93	137	0.666666666666667
93	138	0.666666666666667
93	142	0.666666666666667
93	145	0.666666666666667
93	146	0.666666666666667
93	150	0.666666666666667
93	94	0.333333333333333
93	96	0.333333333333333
93	101	0.333333333333333
93	102	0.333333333333333
93	104	0.333333333333333
93	105	0.333333333333333
93	106	0.333333333333333
93	112	0.333333333333333
93	116	0.333333333333333
93	117	0.333333333333333
93	121	0.333333333333333
93	124	0.333333333333333
94	96	1
94	101	1
94	102	1
94	104	1
94	105	1
94	106	1
94	112	1
94	116	1
94	117	1
94	121	1
94	124	1
94	135	1
94	136	1
94	139	1
94	140	1
94	141	1
94	143	1
94	148	1
94	100	0.666666666666667
94	103	0.666666666666667
94	108	0.666666666666667
94	120	0.666666666666667
94	122	0.666666666666667
94	128	0.666666666666667
94	130	0.666666666666667
94	137	0.666666666666667
94	138	0.666666666666667
94	142	0.666666666666667
94	99	0.333333333333333
94	115	0.333333333333333
94	131	0.333333333333333
94	134	0.333333333333333
94	144	0.333333333333333
94	147	0.333333333333333
94	149	0.333333333333333
95	97	1
95	98	1
95	107	1
95	109	1
95	110	1
95	111	1
95	113	1
95	114	1
95	118	1
95	119	1
95	123	1
95	125	1
95	126	1
95	127	1
95	129	1
95	132	1
95	133	1
95	145	1
95	146	1
95	150	1
95	99	0.666666666666667
95	115	0.666666666666667
95	131	0.666666666666667
95	134	0.666666666666667
95	144	0.666666666666667
95	147	0.666666666666667
95	149	0.666666666666667
95	100	0.333333333333333
95	103	0.333333333333333
95	108	0.333333333333333
95	120	0.333333333333333
95	122	0.333333333333333
95	128	0.333333333333333
95	130	0.333333333333333
95	137	0.333333333333333
95	138	0.333333333333333
95	142	0.333333333333333
96	101	1
96	102	1
96	104	1
96	105	1
96	106	1
96	112	1
96	116	1
96	117	1
96	121	1
96	124	1
96	135	1
96	136	1
96	139	1
96	140	1
96	141	1
96	143	1
96	148	1
96	100	0.666666666666667
96	103	0.666666666666667
96	108	0.666666666666667
96	120	0.666666666666667
96	122	0.666666666666667
96	128	0.666666666666667
96	130	0.666666666666667
96	137	0.666666666666667
96	138	0.666666666666667
96	142	0.666666666666667
96	99	0.333333333333333
96	115	0.333333333333333
96	131	0.333333333333333
96	134	0.333333333333333
96	144	0.333333333333333
96	147	0.333333333333333
96	149	0.333333333333333
97	98	1
97	107	1
97	109	1
97	110	1
97	111	1
97	113	1
97	114	1
97	118	1
97	119	1
97	123	1
97	125	1
97	126	1
97	127	1
97	129	1
97	132	1
97	133	1
97	145	1
97	146	1
97	150	1
97	99	0.666666666666667
97	115	0.666666666666667
97	131	0.666666666666667
97	134	0.666666666666667
97	144	0.666666666666667
97	147	0.666666666666667
97	149	0.666666666666667
97	100	0.333333333333333
97	103	0.333333333333333
97	108	0.333333333333333
97	120	0.333333333333333
97	122	0.333333333333333
97	128	0.333333333333333
97	130	0.333333333333333
97	137	0.333333333333333
97	138	0.333333333333333
97	142	0.333333333333333
98	107	1
98	109	1
98	110	1
98	111	1
98	113	1
98	114	1
98	118	1
98	119	1
98	123	1
98	125	1
98	126	1
98	127	1
98	129	1
98	132	1
98	133	1
98	145	1
98	146	1
98	150	1
98	99	0.666666666666667
98	115	0.666666666666667
98	131	0.666666666666667
98	134	0.666666666666667
98	144	0.666666666666667
98	147	0.666666666666667
98	149	0.666666666666667
98	100	0.333333333333333
98	103	0.333333333333333
98	108	0.333333333333333
98	120	0.333333333333333
98	122	0.333333333333333
98	128	0.333333333333333
98	130	0.333333333333333
98	137	0.333333333333333
98	138	0.333333333333333
98	142	0.333333333333333
99	115	1
99	131	1
99	134	1
99	144	1
99	147	1
99	149	1
99	100	0.666666666666667
99	103	0.666666666666667
99	107	0.666666666666667
99	108	0.666666666666667
99	109	0.666666666666667
99	110	0.666666666666667
99	111	0.666666666666667
99	113	0.666666666666667
99	114	0.666666666666667
99	118	0.666666666666667
99	119	0.666666666666667
99	120	0.666666666666667
99	122	0.666666666666667
99	123	0.666666666666667
99	125	0.666666666666667
99	126	0.666666666666667
99	127	0.666666666666667
99	128	0.666666666666667
99	129	0.666666666666667
99	130	0.666666666666667
99	132	0.666666666666667
99	133	0.666666666666667
99	137	0.666666666666667
99	138	0.666666666666667
99	142	0.666666666666667
99	145	0.666666666666667
99	146	0.666666666666667
99	150	0.666666666666667
99	101	0.333333333333333
99	102	0.333333333333333
99	104	0.333333333333333
99	105	0.333333333333333
99	106	0.333333333333333
99	112	0.333333333333333
99	116	0.333333333333333
99	117	0.333333333333333
99	121	0.333333333333333
99	124	0.333333333333333
99	135	0.333333333333333
99	136	0.333333333333333
99	139	0.333333333333333
99	140	0.333333333333333
99	141	0.333333333333333
99	143	0.333333333333333
100	103	1
100	108	1
100	120	1
100	122	1
100	128	1
100	130	1
100	137	1
100	138	1
100	142	1
100	101	0.666666666666667
100	102	0.666666666666667
100	104	0.666666666666667
100	105	0.666666666666667
100	106	0.666666666666667
100	112	0.666666666666667
100	115	0.666666666666667
100	116	0.666666666666667
100	117	0.666666666666667
100	121	0.666666666666667
100	124	0.666666666666667
100	131	0.666666666666667
100	134	0.666666666666667
100	135	0.666666666666667
100	136	0.666666666666667
100	139	0.666666666666667
100	140	0.666666666666667
100	141	0.666666666666667
100	143	0.666666666666667
100	144	0.666666666666667
100	147	0.666666666666667
100	148	0.666666666666667
100	149	0.666666666666667
100	107	0.333333333333333
100	109	0.333333333333333
100	110	0.333333333333333
100	111	0.333333333333333
100	113	0.333333333333333
100	114	0.333333333333333
100	118	0.333333333333333
100	119	0.333333333333333
100	123	0.333333333333333
100	125	0.333333333333333
100	126	0.333333333333333
100	127	0.333333333333333
100	129	0.333333333333333
100	132	0.333333333333333
100	133	0.333333333333333
100	145	0.333333333333333
100	146	0.333333333333333
100	150	0.333333333333333
101	102	1
101	104	1
101	105	1
101	106	1
101	112	1
101	116	1
101	117	1
101	121	1
101	124	1
101	135	1
101	136	1
101	139	1
101	140	1
101	141	1
101	143	1
101	148	1
101	103	0.666666666666667
101	108	0.666666666666667
101	120	0.666666666666667
101	122	0.666666666666667
101	128	0.666666666666667
101	130	0.666666666666667
101	137	0.666666666666667
101	138	0.666666666666667
101	142	0.666666666666667
101	115	0.333333333333333
101	131	0.333333333333333
101	134	0.333333333333333
101	144	0.333333333333333
101	147	0.333333333333333
101	149	0.333333333333333
102	104	1
102	105	1
102	106	1
102	112	1
102	116	1
102	117	1
102	121	1
102	124	1
102	135	1
102	136	1
102	139	1
102	140	1
102	141	1
102	143	1
102	148	1
102	103	0.666666666666667
102	108	0.666666666666667
102	120	0.666666666666667
102	122	0.666666666666667
102	128	0.666666666666667
102	130	0.666666666666667
102	137	0.666666666666667
102	138	0.666666666666667
102	142	0.666666666666667
102	115	0.333333333333333
102	131	0.333333333333333
102	134	0.333333333333333
102	144	0.333333333333333
102	147	0.333333333333333
102	149	0.333333333333333
103	108	1
103	120	1
103	122	1
103	128	1
103	130	1
103	137	1
103	138	1
103	142	1
103	104	0.666666666666667
103	105	0.666666666666667
103	106	0.666666666666667
103	112	0.666666666666667
103	115	0.666666666666667
103	116	0.666666666666667
103	117	0.666666666666667
103	121	0.666666666666667
103	124	0.666666666666667
103	131	0.666666666666667
103	134	0.666666666666667
103	135	0.666666666666667
103	136	0.666666666666667
103	139	0.666666666666667
103	140	0.666666666666667
103	141	0.666666666666667
103	143	0.666666666666667
103	144	0.666666666666667
103	147	0.666666666666667
103	148	0.666666666666667
103	149	0.666666666666667
103	107	0.333333333333333
103	109	0.333333333333333
103	110	0.333333333333333
103	111	0.333333333333333
103	113	0.333333333333333
103	114	0.333333333333333
103	118	0.333333333333333
103	119	0.333333333333333
103	123	0.333333333333333
103	125	0.333333333333333
103	126	0.333333333333333
103	127	0.333333333333333
103	129	0.333333333333333
103	132	0.333333333333333
103	133	0.333333333333333
103	145	0.333333333333333
103	146	0.333333333333333
103	150	0.333333333333333
104	105	1
104	106	1
104	112	1
104	116	1
104	117	1
104	121	1
104	124	1
104	135	1
104	136	1
104	139	1
104	140	1
104	141	1
104	143	1
104	148	1
104	108	0.666666666666667
104	120	0.666666666666667
104	122	0.666666666666667
104	128	0.666666666666667
104	130	0.666666666666667
104	137	0.666666666666667
104	138	0.666666666666667
104	142	0.666666666666667
104	115	0.333333333333333
104	131	0.333333333333333
104	134	0.333333333333333
104	144	0.333333333333333
104	147	0.333333333333333
104	149	0.333333333333333
105	106	1
105	112	1
105	116	1
105	117	1
105	121	1
105	124	1
105	135	1
105	136	1
105	139	1
105	140	1
105	141	1
105	143	1
105	148	1
105	108	0.666666666666667
105	120	0.666666666666667
105	122	0.666666666666667
105	128	0.666666666666667
105	130	0.666666666666667
105	137	0.666666666666667
105	138	0.666666666666667
105	142	0.666666666666667
105	115	0.333333333333333
105	131	0.333333333333333
105	134	0.333333333333333
105	144	0.333333333333333
105	147	0.333333333333333
105	149	0.333333333333333
106	112	1
106	116	1
106	117	1
106	121	1
106	124	1
106	135	1
106	136	1
106	139	1
106	140	1
106	141	1
106	143	1
106	148	1
106	108	0.666666666666667
106	120	0.666666666666667
106	122	0.666666666666667
106	128	0.666666666666667
106	130	0.666666666666667
106	137	0.666666666666667
106	138	0.666666666666667
106	142	0.666666666666667
106	115	0.333333333333333
106	131	0.333333333333333
106	134	0.333333333333333
106	144	0.333333333333333
106	147	0.333333333333333
106	149	0.333333333333333
107	109	1
107	110	1
107	111	1
107	113	1
107	114	1
107	118	1
107	119	1
107	123	1
107	125	1
107	126	1
107	127	1
107	129	1
107	132	1
107	133	1
107	145	1
107	146	1
107	150	1
107	115	0.666666666666667
107	131	0.666666666666667
107	134	0.666666666666667
107	144	0.666666666666667
107	147	0.666666666666667
107	149	0.666666666666667
107	108	0.333333333333333
107	120	0.333333333333333
107	122	0.333333333333333
107	128	0.333333333333333
107	130	0.333333333333333
107	137	0.333333333333333
107	138	0.333333333333333
107	142	0.333333333333333
108	120	1
108	122	1
108	128	1
108	130	1
108	137	1
108	138	1
108	142	1
108	112	0.666666666666667
108	115	0.666666666666667
108	116	0.666666666666667
108	117	0.666666666666667
108	121	0.666666666666667
108	124	0.666666666666667
108	131	0.666666666666667
108	134	0.666666666666667
108	135	0.666666666666667
108	136	0.666666666666667
108	139	0.666666666666667
108	140	0.666666666666667
108	141	0.666666666666667
108	143	0.666666666666667
108	144	0.666666666666667
108	147	0.666666666666667
108	148	0.666666666666667
108	149	0.666666666666667
108	109	0.333333333333333
108	110	0.333333333333333
108	111	0.333333333333333
108	113	0.333333333333333
108	114	0.333333333333333
108	118	0.333333333333333
108	119	0.333333333333333
108	123	0.333333333333333
108	125	0.333333333333333
108	126	0.333333333333333
108	127	0.333333333333333
108	129	0.333333333333333
108	132	0.333333333333333
108	133	0.333333333333333
108	145	0.333333333333333
108	146	0.333333333333333
108	150	0.333333333333333
109	110	1
109	111	1
109	113	1
109	114	1
109	118	1
109	119	1
109	123	1
109	125	1
109	126	1
109	127	1
109	129	1
109	132	1
109	133	1
109	145	1
109	146	1
109	150	1
109	115	0.666666666666667
109	131	0.666666666666667
109	134	0.666666666666667
109	144	0.666666666666667
109	147	0.666666666666667
109	149	0.666666666666667
109	120	0.333333333333333
109	122	0.333333333333333
109	128	0.333333333333333
109	130	0.333333333333333
109	137	0.333333333333333
109	138	0.333333333333333
109	142	0.333333333333333
110	111	1
110	113	1
110	114	1
110	118	1
110	119	1
110	123	1
110	125	1
110	126	1
110	127	1
110	129	1
110	132	1
110	133	1
110	145	1
110	146	1
110	150	1
110	115	0.666666666666667
110	131	0.666666666666667
110	134	0.666666666666667
110	144	0.666666666666667
110	147	0.666666666666667
110	149	0.666666666666667
110	120	0.333333333333333
110	122	0.333333333333333
110	128	0.333333333333333
110	130	0.333333333333333
110	137	0.333333333333333
110	138	0.333333333333333
110	142	0.333333333333333
111	113	1
111	114	1
111	118	1
111	119	1
111	123	1
111	125	1
111	126	1
111	127	1
111	129	1
111	132	1
111	133	1
111	145	1
111	146	1
111	150	1
111	115	0.666666666666667
111	131	0.666666666666667
111	134	0.666666666666667
111	144	0.666666666666667
111	147	0.666666666666667
111	149	0.666666666666667
111	120	0.333333333333333
111	122	0.333333333333333
111	128	0.333333333333333
111	130	0.333333333333333
111	137	0.333333333333333
111	138	0.333333333333333
111	142	0.333333333333333
112	116	1
112	117	1
112	121	1
112	124	1
112	135	1
112	136	1
112	139	1
112	140	1
112	141	1
112	143	1
112	148	1
112	120	0.666666666666667
112	122	0.666666666666667
112	128	0.666666666666667
112	130	0.666666666666667
112	137	0.666666666666667
112	138	0.666666666666667
112	142	0.666666666666667
112	115	0.333333333333333
112	131	0.333333333333333
112	134	0.333333333333333
112	144	0.333333333333333
112	147	0.333333333333333
112	149	0.333333333333333
113	114	1
113	118	1
113	119	1
113	123	1
113	125	1
113	126	1
113	127	1
113	129	1
113	132	1
113	133	1
113	145	1
113	146	1
113	150	1
113	115	0.666666666666667
113	131	0.666666666666667
113	134	0.666666666666667
113	144	0.666666666666667
113	147	0.666666666666667
113	149	0.666666666666667
113	120	0.333333333333333
113	122	0.333333333333333
113	128	0.333333333333333
113	130	0.333333333333333
113	137	0.333333333333333
113	138	0.333333333333333
113	142	0.333333333333333
114	118	1
114	119	1
114	123	1
114	125	1
114	126	1
114	127	1
114	129	1
114	132	1
114	133	1
114	145	1
114	146	1
114	150	1
114	115	0.666666666666667
114	131	0.666666666666667
114	134	0.666666666666667
114	144	0.666666666666667
114	147	0.666666666666667
114	149	0.666666666666667
114	120	0.333333333333333
114	122	0.333333333333333
114	128	0.333333333333333
114	130	0.333333333333333
114	137	0.333333333333333
114	138	0.333333333333333
114	142	0.333333333333333
115	131	1
115	134	1
115	144	1
115	147	1
115	149	1
115	118	0.666666666666667
115	119	0.666666666666667
115	120	0.666666666666667
115	122	0.666666666666667
115	123	0.666666666666667
115	125	0.666666666666667
115	126	0.666666666666667
115	127	0.666666666666667
115	128	0.666666666666667
115	129	0.666666666666667
115	130	0.666666666666667
115	132	0.666666666666667
115	133	0.666666666666667
115	137	0.666666666666667
115	138	0.666666666666667
115	142	0.666666666666667
115	145	0.666666666666667
115	146	0.666666666666667
115	150	0.666666666666667
115	116	0.333333333333333
115	117	0.333333333333333
115	121	0.333333333333333
115	124	0.333333333333333
115	135	0.333333333333333
115	136	0.333333333333333
115	139	0.333333333333333
115	140	0.333333333333333
115	141	0.333333333333333
115	143	0.333333333333333
115	148	0.333333333333333
116	117	1
116	121	1
116	124	1
116	135	1
116	136	1
116	139	1
116	140	1
116	141	1
116	143	1
116	148	1
116	120	0.666666666666667
116	122	0.666666666666667
116	128	0.666666666666667
116	130	0.666666666666667
116	137	0.666666666666667
116	138	0.666666666666667
116	142	0.666666666666667
116	131	0.333333333333333
116	134	0.333333333333333
116	144	0.333333333333333
116	147	0.333333333333333
116	149	0.333333333333333
117	121	1
117	124	1
117	135	1
117	136	1
117	139	1
117	140	1
117	141	1
117	143	1
117	148	1
117	120	0.666666666666667
117	122	0.666666666666667
117	128	0.666666666666667
117	130	0.666666666666667
117	137	0.666666666666667
117	138	0.666666666666667
117	142	0.666666666666667
117	131	0.333333333333333
117	134	0.333333333333333
117	144	0.333333333333333
117	147	0.333333333333333
117	149	0.333333333333333
118	119	1
118	123	1
118	125	1
118	126	1
118	127	1
118	129	1
118	132	1
118	133	1
118	145	1
118	146	1
118	150	1
118	131	0.666666666666667
118	134	0.666666666666667
118	144	0.666666666666667
118	147	0.666666666666667
118	149	0.666666666666667
118	120	0.333333333333333
118	122	0.333333333333333
118	128	0.333333333333333
118	130	0.333333333333333
118	137	0.333333333333333
118	138	0.333333333333333
118	142	0.333333333333333
119	123	1
119	125	1
119	126	1
119	127	1
119	129	1
119	132	1
119	133	1
119	145	1
119	146	1
119	150	1
119	131	0.666666666666667
119	134	0.666666666666667
119	144	0.666666666666667
119	147	0.666666666666667
119	149	0.666666666666667
119	120	0.333333333333333
119	122	0.333333333333333
119	128	0.333333333333333
119	130	0.333333333333333
119	137	0.333333333333333
119	138	0.333333333333333
119	142	0.333333333333333
120	122	1
120	128	1
120	130	1
120	137	1
120	138	1
120	142	1
120	121	0.666666666666667
120	124	0.666666666666667
120	131	0.666666666666667
120	134	0.666666666666667
120	135	0.666666666666667
120	136	0.666666666666667
120	139	0.666666666666667
120	140	0.666666666666667
120	141	0.666666666666667
120	143	0.666666666666667
120	144	0.666666666666667
120	147	0.666666666666667
120	148	0.666666666666667
120	149	0.666666666666667
120	123	0.333333333333333
120	125	0.333333333333333
120	126	0.333333333333333
120	127	0.333333333333333
120	129	0.333333333333333
120	132	0.333333333333333
120	133	0.333333333333333
120	145	0.333333333333333
120	146	0.333333333333333
120	150	0.333333333333333
121	124	1
121	135	1
121	136	1
121	139	1
121	140	1
121	141	1
121	143	1
121	148	1
121	122	0.666666666666667
121	128	0.666666666666667
121	130	0.666666666666667
121	137	0.666666666666667
121	138	0.666666666666667
121	142	0.666666666666667
121	131	0.333333333333333
121	134	0.333333333333333
121	144	0.333333333333333
121	147	0.333333333333333
121	149	0.333333333333333
122	128	1
122	130	1
122	137	1
122	138	1
122	142	1
122	124	0.666666666666667
122	131	0.666666666666667
122	134	0.666666666666667
122	135	0.666666666666667
122	136	0.666666666666667
122	139	0.666666666666667
122	140	0.666666666666667
122	141	0.666666666666667
122	143	0.666666666666667
122	144	0.666666666666667
122	147	0.666666666666667
122	148	0.666666666666667
122	149	0.666666666666667
122	123	0.333333333333333
122	125	0.333333333333333
122	126	0.333333333333333
122	127	0.333333333333333
122	129	0.333333333333333
122	132	0.333333333333333
122	133	0.333333333333333
122	145	0.333333333333333
122	146	0.333333333333333
122	150	0.333333333333333
123	125	1
123	126	1
123	127	1
123	129	1
123	132	1
123	133	1
123	145	1
123	146	1
123	150	1
123	131	0.666666666666667
123	134	0.666666666666667
123	144	0.666666666666667
123	147	0.666666666666667
123	149	0.666666666666667
123	128	0.333333333333333
123	130	0.333333333333333
123	137	0.333333333333333
123	138	0.333333333333333
123	142	0.333333333333333
124	135	1
124	136	1
124	139	1
124	140	1
124	141	1
124	143	1
124	148	1
124	128	0.666666666666667
124	130	0.666666666666667
124	137	0.666666666666667
124	138	0.666666666666667
124	142	0.666666666666667
124	131	0.333333333333333
124	134	0.333333333333333
124	144	0.333333333333333
124	147	0.333333333333333
124	149	0.333333333333333
125	126	1
125	127	1
125	129	1
125	132	1
125	133	1
125	145	1
125	146	1
125	150	1
125	131	0.666666666666667
125	134	0.666666666666667
125	144	0.666666666666667
125	147	0.666666666666667
125	149	0.666666666666667
125	128	0.333333333333333
125	130	0.333333333333333
125	137	0.333333333333333
125	138	0.333333333333333
125	142	0.333333333333333
126	127	1
126	129	1
126	132	1
126	133	1
126	145	1
126	146	1
126	150	1
126	131	0.666666666666667
126	134	0.666666666666667
126	144	0.666666666666667
126	147	0.666666666666667
126	149	0.666666666666667
126	128	0.333333333333333
126	130	0.333333333333333
126	137	0.333333333333333
126	138	0.333333333333333
126	142	0.333333333333333
127	129	1
127	132	1
127	133	1
127	145	1
127	146	1
127	150	1
127	131	0.666666666666667
127	134	0.666666666666667
127	144	0.666666666666667
127	147	0.666666666666667
127	149	0.666666666666667
127	128	0.333333333333333
127	130	0.333333333333333
127	137	0.333333333333333
127	138	0.333333333333333
127	142	0.333333333333333
128	130	1
128	137	1
128	138	1
128	142	1
128	131	0.666666666666667
128	134	0.666666666666667
128	135	0.666666666666667
128	136	0.666666666666667
128	139	0.666666666666667
128	140	0.666666666666667
128	141	0.666666666666667
128	143	0.666666666666667
128	144	0.666666666666667
128	147	0.666666666666667
128	148	0.666666666666667
128	149	0.666666666666667
128	129	0.333333333333333
128	132	0.333333333333333
128	133	0.333333333333333
128	145	0.333333333333333
128	146	0.333333333333333
128	150	0.333333333333333
129	132	1
129	133	1
129	145	1
129	146	1
129	150	1
129	131	0.666666666666667
129	134	0.666666666666667
129	144	0.666666666666667
129	147	0.666666666666667
129	149	0.666666666666667
129	130	0.333333333333333
129	137	0.333333333333333
129	138	0.333333333333333
129	142	0.333333333333333
130	137	1
130	138	1
130	142	1
130	131	0.666666666666667
130	134	0.666666666666667
130	135	0.666666666666667
130	136	0.666666666666667
130	139	0.666666666666667
130	140	0.666666666666667
130	141	0.666666666666667
130	143	0.666666666666667
130	144	0.666666666666667
130	147	0.666666666666667
130	148	0.666666666666667
130	149	0.666666666666667
130	132	0.333333333333333
130	133	0.333333333333333
130	145	0.333333333333333
130	146	0.333333333333333
130	150	0.333333333333333
131	134	1
131	144	1
131	147	1
131	149	1
131	132	0.666666666666667
131	133	0.666666666666667
131	137	0.666666666666667
131	138	0.666666666666667
131	142	0.666666666666667
131	145	0.666666666666667
131	146	0.666666666666667
131	150	0.666666666666667
131	135	0.333333333333333
131	136	0.333333333333333
131	139	0.333333333333333
131	140	0.333333333333333
131	141	0.333333333333333
131	143	0.333333333333333
131	148	0.333333333333333
132	133	1
132	145	1
132	146	1
132	150	1
132	134	0.666666666666667
132	144	0.666666666666667
132	147	0.666666666666667
132	149	0.666666666666667
132	137	0.333333333333333
132	138	0.333333333333333
132	142	0.333333333333333
133	145	1
133	146	1
133	150	1
133	134	0.666666666666667
133	144	0.666666666666667
133	147	0.666666666666667
133	149	0.666666666666667
133	137	0.333333333333333
133	138	0.333333333333333
133	142	0.333333333333333
134	144	1
134	147	1
134	149	1
134	137	0.666666666666667
134	138	0.666666666666667
134	142	0.666666666666667
134	145	0.666666666666667
134	146	0.666666666666667
134	150	0.666666666666667
134	135	0.333333333333333
134	136	0.333333333333333
134	139	0.333333333333333
134	140	0.333333333333333
134	141	0.333333333333333
134	143	0.333333333333333
134	148	0.333333333333333
135	136	1
135	139	1
135	140	1
135	141	1
135	143	1
135	148	1
135	137	0.666666666666667
135	138	0.666666666666667
135	142	0.666666666666667
135	144	0.333333333333333
135	147	0.333333333333333
135	149	0.333333333333333
136	139	1
136	140	1
136	141	1
136	143	1
136	148	1
136	137	0.666666666666667
136	138	0.666666666666667
136	142	0.666666666666667
136	144	0.333333333333333
136	147	0.333333333333333
136	149	0.333333333333333
137	138	1
137	142	1
137	139	0.666666666666667
137	140	0.666666666666667
137	141	0.666666666666667
137	143	0.666666666666667
137	144	0.666666666666667
137	147	0.666666666666667
137	148	0.666666666666667
137	149	0.666666666666667
137	145	0.333333333333333
137	146	0.333333333333333
137	150	0.333333333333333
138	142	1
138	139	0.666666666666667
138	140	0.666666666666667
138	141	0.666666666666667
138	143	0.666666666666667
138	144	0.666666666666667
138	147	0.666666666666667
138	148	0.666666666666667
138	149	0.666666666666667
138	145	0.333333333333333
138	146	0.333333333333333
138	150	0.333333333333333
139	140	1
139	141	1
139	143	1
139	148	1
139	142	0.666666666666667
139	144	0.333333333333333
139	147	0.333333333333333
139	149	0.333333333333333
140	141	1
140	143	1
140	148	1
140	142	0.666666666666667
140	144	0.333333333333333
140	147	0.333333333333333
140	149	0.333333333333333
141	143	1
141	148	1
141	142	0.666666666666667
141	144	0.333333333333333
141	147	0.333333333333333
141	149	0.333333333333333
142	143	0.666666666666667
142	144	0.666666666666667
142	147	0.666666666666667
142	148	0.666666666666667
142	149	0.666666666666667
142	145	0.333333333333333
142	146	0.333333333333333
142	150	0.333333333333333
143	148	1
143	144	0.333333333333333
143	147	0.333333333333333
143	149	0.333333333333333
144	147	1
144	149	1
144	145	0.666666666666667
144	146	0.666666666666667
144	150	0.666666666666667
144	148	0.333333333333333
145	146	1
145	150	1
145	147	0.666666666666667
145	149	0.666666666666667
146	150	1
146	147	0.666666666666667
146	149	0.666666666666667
147	149	1
147	150	0.666666666666667
147	148	0.333333333333333
148	149	0.333333333333333
149	150	0.666666666666667
