1	3	0.977777777777778
1	4	0.891503267973856
3	4	0.913725490196078
1	5	0.36078431372549
2	5	0.823529411764706
3	5	0.383006535947713
4	5	0.469281045751634
1	6	0.964705882352941
3	6	0.986928104575163
4	6	0.926797385620915
5	6	0.396078431372549
1	7	0.598692810457516
2	7	0.58562091503268
3	7	0.620915032679739
4	7	0.70718954248366
5	7	0.762091503267974
6	7	0.633986928104575
1	8	0.997385620915033
3	8	0.97516339869281
4	8	0.888888888888889
5	8	0.358169934640523
6	8	0.962091503267974
7	8	0.596078431372549
1	9	0.996078431372549
3	9	0.973856209150327
4	9	0.887581699346405
5	9	0.356862745098039
6	9	0.96078431372549
7	9	0.594771241830065
8	9	0.998692810457516
2	10	0.949019607843137
4	10	0.343790849673203
5	10	0.874509803921569
7	10	0.636601307189542
1	11	0.984313725490196
3	11	0.993464052287582
4	11	0.90718954248366
5	11	0.376470588235294
6	11	0.980392156862745
7	11	0.61437908496732
8	11	0.981699346405229
9	11	0.980392156862745
2	12	0.977777777777778
4	12	0.315032679738562
5	12	0.845751633986928
7	12	0.607843137254902
10	12	0.97124183006536
1	13	0.4
2	13	0.784313725490196
3	13	0.422222222222222
4	13	0.508496732026144
5	13	0.96078431372549
6	13	0.435294117647059
7	13	0.801307189542484
8	13	0.397385620915033
9	13	0.396078431372549
10	13	0.835294117647059
11	13	0.415686274509804
12	13	0.806535947712419
1	14	0.592156862745098
2	14	0.592156862745098
3	14	0.61437908496732
4	14	0.700653594771242
5	14	0.768627450980392
6	14	0.627450980392157
7	14	0.993464052287582
8	14	0.589542483660131
9	14	0.588235294117647
10	14	0.643137254901961
11	14	0.607843137254902
12	14	0.61437908496732
13	14	0.807843137254902
2	15	0.97124183006536
4	15	0.32156862745098
5	15	0.852287581699346
7	15	0.61437908496732
10	15	0.977777777777778
12	15	0.993464052287582
13	15	0.813071895424837
14	15	0.620915032679739
1	16	0.959477124183007
3	16	0.981699346405229
4	16	0.93202614379085
5	16	0.401307189542484
6	16	0.994771241830065
7	16	0.63921568627451
8	16	0.956862745098039
9	16	0.955555555555556
11	16	0.975163398692811
13	16	0.440522875816993
14	16	0.632679738562091
2	17	0.917647058823529
5	17	0.741176470588235
7	17	0.503267973856209
10	17	0.866666666666667
12	17	0.895424836601307
13	17	0.701960784313726
14	17	0.509803921568627
15	17	0.888888888888889
2	18	0.938562091503268
4	18	0.354248366013072
5	18	0.884967320261438
7	18	0.647058823529412
10	18	0.989542483660131
12	18	0.96078431372549
13	18	0.845751633986928
14	18	0.65359477124183
15	18	0.967320261437909
17	18	0.856209150326797
1	19	0.964705882352941
3	19	0.986928104575163
4	19	0.926797385620915
5	19	0.396078431372549
6	19	1
7	19	0.633986928104575
8	19	0.962091503267974
9	19	0.96078431372549
11	19	0.980392156862745
13	19	0.435294117647059
14	19	0.627450980392157
16	19	0.994771241830065
1	20	0.860130718954248
2	20	0.324183006535948
3	20	0.882352941176471
4	20	0.968627450980392
5	20	0.500653594771242
6	20	0.895424836601307
7	20	0.738562091503268
8	20	0.857516339869281
9	20	0.856209150326797
10	20	0.37516339869281
11	20	0.875816993464052
12	20	0.34640522875817
13	20	0.539869281045752
14	20	0.73202614379085
15	20	0.352941176470588
16	20	0.900653594771242
18	20	0.38562091503268
19	20	0.895424836601307
1	21	0.943790849673203
3	21	0.966013071895425
4	21	0.947712418300654
5	21	0.416993464052288
6	21	0.979084967320261
7	21	0.654901960784314
8	21	0.941176470588235
9	21	0.939869281045752
11	21	0.959477124183007
13	21	0.456209150326797
14	21	0.648366013071895
16	21	0.984313725490196
18	21	0.301960784313725
19	21	0.979084967320261
20	21	0.916339869281046
1	22	0.407843137254902
2	22	0.776470588235294
3	22	0.430065359477124
4	22	0.516339869281046
5	22	0.952941176470588
6	22	0.443137254901961
7	22	0.809150326797386
8	22	0.405228758169935
9	22	0.403921568627451
10	22	0.827450980392157
11	22	0.423529411764706
12	22	0.798692810457516
13	22	0.992156862745098
14	22	0.815686274509804
15	22	0.805228758169935
16	22	0.448366013071895
17	22	0.694117647058824
18	22	0.837908496732026
19	22	0.443137254901961
20	22	0.547712418300654
21	22	0.464052287581699
1	23	0.964705882352941
3	23	0.986928104575163
4	23	0.926797385620915
5	23	0.396078431372549
6	23	1
7	23	0.633986928104575
8	23	0.962091503267974
9	23	0.96078431372549
11	23	0.980392156862745
13	23	0.435294117647059
14	23	0.627450980392157
16	23	0.994771241830065
19	23	1
20	23	0.895424836601307
21	23	0.979084967320261
22	23	0.443137254901961
1	24	0.500653594771242
2	24	0.683660130718954
3	24	0.522875816993464
4	24	0.609150326797386
5	24	0.860130718954248
6	24	0.535947712418301
7	24	0.901960784313726
8	24	0.498039215686275
9	24	0.496732026143791
10	24	0.734640522875817
11	24	0.516339869281046
12	24	0.705882352941176
13	24	0.899346405228758
14	24	0.908496732026144
15	24	0.712418300653595
16	24	0.541176470588235
17	24	0.601307189542484
18	24	0.745098039215686
19	24	0.535947712418301
20	24	0.640522875816994
21	24	0.556862745098039
22	24	0.90718954248366
23	24	0.535947712418301
2	25	0.901960784313726
3	25	0.304575163398693
4	25	0.390849673202615
5	25	0.92156862745098
6	25	0.31764705882353
7	25	0.683660130718954
10	25	0.952941176470588
12	25	0.924183006535948
13	25	0.882352941176471
14	25	0.690196078431373
15	25	0.930718954248366
16	25	0.322875816993464
17	25	0.819607843137255
18	25	0.963398692810457
19	25	0.31764705882353
20	25	0.422222222222222
21	25	0.338562091503268
22	25	0.874509803921569
23	25	0.31764705882353
24	25	0.781699346405229
1	26	0.309803921568627
2	26	0.874509803921569
3	26	0.33202614379085
4	26	0.418300653594771
5	26	0.949019607843137
6	26	0.345098039215686
7	26	0.711111111111111
8	26	0.30718954248366
9	26	0.305882352941176
10	26	0.925490196078431
11	26	0.325490196078431
12	26	0.896732026143791
13	26	0.909803921568628
14	26	0.717647058823529
15	26	0.903267973856209
16	26	0.350326797385621
17	26	0.792156862745098
18	26	0.935947712418301
19	26	0.345098039215686
20	26	0.449673202614379
21	26	0.366013071895425
22	26	0.901960784313726
23	26	0.345098039215686
24	26	0.809150326797386
25	26	0.972549019607843
2	27	0.981699346405229
5	27	0.805228758169935
7	27	0.567320261437909
10	27	0.930718954248366
12	27	0.959477124183006
13	27	0.766013071895425
14	27	0.573856209150327
15	27	0.952941176470588
17	27	0.935947712418301
18	27	0.920261437908497
20	27	0.305882352941177
22	27	0.758169934640523
24	27	0.665359477124183
25	27	0.883660130718954
26	27	0.856209150326797
1	28	0.901960784313726
3	28	0.924183006535948
4	28	0.989542483660131
5	28	0.458823529411765
6	28	0.937254901960784
7	28	0.696732026143791
8	28	0.899346405228758
9	28	0.898039215686274
10	28	0.333333333333333
11	28	0.917647058823529
12	28	0.304575163398693
13	28	0.498039215686274
14	28	0.690196078431373
15	28	0.311111111111111
16	28	0.942483660130719
18	28	0.343790849673203
19	28	0.937254901960784
20	28	0.958169934640523
21	28	0.958169934640523
22	28	0.505882352941176
23	28	0.937254901960784
24	28	0.598692810457516
25	28	0.380392156862745
26	28	0.407843137254902
1	29	0.963398692810458
3	29	0.98562091503268
4	29	0.928104575163399
5	29	0.397385620915033
6	29	0.998692810457516
7	29	0.635294117647059
8	29	0.96078431372549
9	29	0.959477124183006
11	29	0.979084967320261
13	29	0.436601307189542
14	29	0.628758169934641
16	29	0.996078431372549
19	29	0.998692810457516
20	29	0.896732026143791
21	29	0.980392156862745
22	29	0.444444444444444
23	29	0.998692810457516
24	29	0.537254901960784
25	29	0.318954248366013
26	29	0.34640522875817
28	29	0.938562091503268
2	30	0.901960784313726
5	30	0.725490196078431
7	30	0.487581699346405
10	30	0.850980392156863
12	30	0.879738562091503
13	30	0.686274509803922
14	30	0.494117647058824
15	30	0.873202614379085
17	30	0.984313725490196
18	30	0.840522875816994
22	30	0.67843137254902
24	30	0.58562091503268
25	30	0.803921568627451
26	30	0.776470588235294
27	30	0.920261437908497
1	31	0.650980392156863
2	31	0.533333333333333
3	31	0.673202614379085
4	31	0.759477124183007
5	31	0.709803921568627
6	31	0.686274509803922
7	31	0.947712418300654
8	31	0.648366013071895
9	31	0.647058823529412
10	31	0.584313725490196
11	31	0.666666666666667
12	31	0.555555555555556
13	31	0.749019607843137
14	31	0.941176470588235
15	31	0.562091503267974
16	31	0.691503267973856
17	31	0.450980392156863
18	31	0.594771241830065
19	31	0.686274509803922
20	31	0.790849673202614
21	31	0.70718954248366
22	31	0.756862745098039
23	31	0.686274509803922
24	31	0.849673202614379
25	31	0.631372549019608
26	31	0.658823529411765
27	31	0.515032679738562
28	31	0.749019607843137
29	31	0.687581699346405
30	31	0.435294117647059
2	32	0.979084967320261
4	32	0.313725490196079
5	32	0.844444444444445
7	32	0.606535947712418
10	32	0.969934640522876
12	32	0.998692810457516
13	32	0.805228758169935
14	32	0.613071895424837
15	32	0.992156862745098
17	32	0.896732026143791
18	32	0.959477124183007
20	32	0.345098039215686
22	32	0.797385620915033
24	32	0.704575163398693
25	32	0.922875816993464
26	32	0.895424836601307
27	32	0.96078431372549
28	32	0.303267973856209
30	32	0.881045751633987
31	32	0.554248366013072
2	33	0.994771241830065
5	33	0.818300653594771
7	33	0.580392156862745
10	33	0.943790849673203
12	33	0.972549019607843
13	33	0.779084967320262
14	33	0.586928104575163
15	33	0.966013071895425
17	33	0.922875816993464
18	33	0.933333333333333
20	33	0.318954248366013
22	33	0.77124183006536
24	33	0.67843137254902
25	33	0.896732026143791
26	33	0.869281045751634
27	33	0.986928104575163
30	33	0.90718954248366
31	33	0.528104575163399
32	33	0.973856209150327
1	34	0.994771241830065
3	34	0.983006535947712
4	34	0.896732026143791
5	34	0.366013071895425
6	34	0.969934640522876
7	34	0.603921568627451
8	34	0.992156862745098
9	34	0.990849673202614
11	34	0.989542483660131
13	34	0.405228758169935
14	34	0.597385620915033
16	34	0.964705882352941
19	34	0.969934640522876
20	34	0.865359477124183
21	34	0.949019607843137
22	34	0.413071895424837
23	34	0.969934640522876
24	34	0.505882352941177
26	34	0.315032679738562
28	34	0.90718954248366
29	34	0.968627450980392
31	34	0.656209150326797
2	35	0.924183006535948
4	35	0.368627450980392
5	35	0.899346405228758
7	35	0.661437908496732
10	35	0.97516339869281
12	35	0.94640522875817
13	35	0.860130718954249
14	35	0.66797385620915
15	35	0.952941176470588
16	35	0.300653594771242
17	35	0.841830065359477
18	35	0.98562091503268
20	35	0.4
21	35	0.316339869281046
22	35	0.852287581699346
24	35	0.759477124183007
25	35	0.977777777777778
26	35	0.950326797385621
27	35	0.905882352941176
28	35	0.358169934640523
30	35	0.826143790849673
31	35	0.609150326797386
32	35	0.945098039215686
33	35	0.918954248366013
1	36	0.981699346405229
3	36	0.996078431372549
4	36	0.909803921568627
5	36	0.379084967320261
6	36	0.983006535947712
7	36	0.616993464052287
8	36	0.979084967320261
9	36	0.977777777777778
11	36	0.997385620915033
13	36	0.418300653594771
14	36	0.610457516339869
16	36	0.977777777777778
19	36	0.983006535947712
20	36	0.87843137254902
21	36	0.962091503267974
22	36	0.426143790849673
23	36	0.983006535947712
24	36	0.518954248366013
25	36	0.300653594771242
26	36	0.328104575163399
28	36	0.920261437908497
29	36	0.981699346405229
31	36	0.669281045751634
34	36	0.986928104575163
1	37	0.6
2	37	0.584313725490196
3	37	0.622222222222222
4	37	0.708496732026144
5	37	0.76078431372549
6	37	0.635294117647059
7	37	0.998692810457516
8	37	0.597385620915033
9	37	0.596078431372549
10	37	0.635294117647059
11	37	0.615686274509804
12	37	0.606535947712418
13	37	0.8
14	37	0.992156862745098
15	37	0.613071895424837
16	37	0.640522875816993
17	37	0.501960784313725
18	37	0.645751633986928
19	37	0.635294117647059
20	37	0.739869281045752
21	37	0.656209150326797
22	37	0.807843137254902
23	37	0.635294117647059
24	37	0.900653594771242
25	37	0.682352941176471
26	37	0.709803921568627
27	37	0.566013071895425
28	37	0.698039215686275
29	37	0.636601307189543
30	37	0.486274509803922
31	37	0.949019607843137
32	37	0.605228758169935
33	37	0.579084967320261
34	37	0.605228758169935
35	37	0.660130718954248
36	37	0.618300653594771
2	38	0.922875816993464
5	38	0.74640522875817
7	38	0.508496732026144
10	38	0.871895424836602
12	38	0.900653594771242
13	38	0.70718954248366
14	38	0.515032679738562
15	38	0.894117647058824
17	38	0.994771241830065
18	38	0.861437908496732
22	38	0.699346405228758
24	38	0.606535947712418
25	38	0.82483660130719
26	38	0.797385620915033
27	38	0.941176470588235
30	38	0.979084967320261
31	38	0.456209150326798
32	38	0.901960784313726
33	38	0.928104575163399
35	38	0.847058823529412
37	38	0.50718954248366
2	39	0.966013071895425
4	39	0.326797385620915
5	39	0.857516339869281
7	39	0.619607843137255
10	39	0.983006535947713
12	39	0.988235294117647
13	39	0.818300653594771
14	39	0.626143790849673
15	39	0.994771241830065
17	39	0.883660130718954
18	39	0.972549019607843
20	39	0.358169934640523
22	39	0.810457516339869
24	39	0.717647058823529
25	39	0.935947712418301
26	39	0.908496732026144
27	39	0.947712418300654
28	39	0.316339869281046
30	39	0.86797385620915
31	39	0.567320261437909
32	39	0.986928104575163
33	39	0.96078431372549
35	39	0.958169934640523
37	39	0.618300653594771
38	39	0.888888888888889
2	40	0.915032679738562
5	40	0.738562091503268
7	40	0.500653594771242
10	40	0.864052287581699
12	40	0.89281045751634
13	40	0.699346405228758
14	40	0.50718954248366
15	40	0.886274509803922
17	40	0.997385620915033
18	40	0.85359477124183
22	40	0.691503267973856
24	40	0.598692810457516
25	40	0.816993464052288
26	40	0.789542483660131
27	40	0.933333333333333
30	40	0.986928104575163
31	40	0.448366013071895
32	40	0.894117647058823
33	40	0.920261437908497
35	40	0.83921568627451
37	40	0.499346405228758
38	40	0.992156862745098
39	40	0.881045751633987
2	41	0.984313725490196
5	41	0.807843137254902
7	41	0.569934640522876
10	41	0.933333333333333
12	41	0.962091503267974
13	41	0.768627450980392
14	41	0.576470588235294
15	41	0.955555555555556
17	41	0.933333333333333
18	41	0.922875816993464
20	41	0.308496732026144
22	41	0.76078431372549
24	41	0.66797385620915
25	41	0.886274509803921
26	41	0.858823529411765
27	41	0.997385620915033
30	41	0.91764705882353
31	41	0.517647058823529
32	41	0.963398692810457
33	41	0.989542483660131
35	41	0.908496732026144
37	41	0.568627450980392
38	41	0.938562091503268
39	41	0.950326797385621
40	41	0.930718954248366
1	42	0.990849673202614
3	42	0.986928104575163
4	42	0.900653594771242
5	42	0.369934640522876
6	42	0.973856209150327
7	42	0.607843137254902
8	42	0.988235294117647
9	42	0.986928104575163
11	42	0.993464052287582
13	42	0.409150326797386
14	42	0.601307189542484
16	42	0.968627450980392
19	42	0.973856209150327
20	42	0.869281045751634
21	42	0.952941176470588
22	42	0.416993464052288
23	42	0.973856209150327
24	42	0.509803921568628
26	42	0.318954248366013
28	42	0.911111111111111
29	42	0.972549019607843
31	42	0.660130718954248
34	42	0.996078431372549
36	42	0.990849673202614
37	42	0.609150326797386
1	43	0.329411764705882
2	43	0.854901960784314
3	43	0.351633986928105
4	43	0.437908496732026
5	43	0.968627450980392
6	43	0.364705882352941
7	43	0.730718954248366
8	43	0.326797385620915
9	43	0.325490196078431
10	43	0.905882352941176
11	43	0.345098039215686
12	43	0.877124183006536
13	43	0.929411764705882
14	43	0.737254901960784
15	43	0.883660130718954
16	43	0.369934640522876
17	43	0.772549019607843
18	43	0.916339869281046
19	43	0.364705882352941
20	43	0.469281045751634
21	43	0.38562091503268
22	43	0.92156862745098
23	43	0.364705882352941
24	43	0.82875816993464
25	43	0.952941176470588
26	43	0.980392156862745
27	43	0.836601307189543
28	43	0.427450980392157
29	43	0.366013071895425
30	43	0.756862745098039
31	43	0.67843137254902
32	43	0.875816993464052
33	43	0.849673202614379
34	43	0.334640522875817
35	43	0.930718954248366
36	43	0.347712418300654
37	43	0.729411764705882
38	43	0.777777777777778
39	43	0.888888888888889
40	43	0.769934640522876
41	43	0.83921568627451
42	43	0.338562091503268
2	44	0.949019607843137
4	44	0.343790849673203
5	44	0.874509803921569
7	44	0.636601307189542
10	44	1
12	44	0.97124183006536
13	44	0.835294117647059
14	44	0.643137254901961
15	44	0.977777777777778
17	44	0.866666666666667
18	44	0.989542483660131
20	44	0.37516339869281
22	44	0.827450980392157
24	44	0.734640522875817
25	44	0.952941176470588
26	44	0.925490196078431
27	44	0.930718954248366
28	44	0.333333333333333
30	44	0.850980392156863
31	44	0.584313725490196
32	44	0.969934640522876
33	44	0.943790849673203
35	44	0.97516339869281
37	44	0.635294117647059
38	44	0.871895424836602
39	44	0.983006535947713
40	44	0.864052287581699
41	44	0.933333333333333
43	44	0.905882352941176
1	45	0.983006535947712
3	45	0.994771241830065
4	45	0.908496732026144
5	45	0.377777777777778
6	45	0.981699346405229
7	45	0.615686274509804
8	45	0.980392156862745
9	45	0.979084967320261
11	45	0.998692810457516
13	45	0.416993464052288
14	45	0.609150326797386
16	45	0.976470588235294
19	45	0.981699346405229
20	45	0.877124183006536
21	45	0.96078431372549
22	45	0.424836601307189
23	45	0.981699346405229
24	45	0.51764705882353
26	45	0.326797385620915
28	45	0.918954248366013
29	45	0.980392156862745
31	45	0.66797385620915
34	45	0.988235294117647
36	45	0.998692810457516
37	45	0.616993464052288
42	45	0.992156862745098
43	45	0.34640522875817
1	46	0.809150326797386
2	46	0.375163398692811
3	46	0.831372549019608
4	46	0.917647058823529
5	46	0.551633986928105
6	46	0.844444444444444
7	46	0.789542483660131
8	46	0.806535947712418
9	46	0.805228758169935
10	46	0.426143790849673
11	46	0.82483660130719
12	46	0.397385620915033
13	46	0.590849673202614
14	46	0.783006535947712
15	46	0.403921568627451
16	46	0.849673202614379
18	46	0.436601307189542
19	46	0.844444444444444
20	46	0.949019607843137
21	46	0.865359477124183
22	46	0.598692810457516
23	46	0.844444444444444
24	46	0.691503267973856
25	46	0.473202614379085
26	46	0.500653594771242
27	46	0.356862745098039
28	46	0.90718954248366
29	46	0.845751633986928
31	46	0.841830065359477
32	46	0.396078431372549
33	46	0.369934640522876
34	46	0.81437908496732
35	46	0.450980392156863
36	46	0.827450980392157
37	46	0.790849673202614
39	46	0.409150326797386
41	46	0.359477124183006
42	46	0.818300653594771
43	46	0.520261437908497
44	46	0.426143790849673
45	46	0.826143790849673
1	47	0.865359477124183
2	47	0.318954248366013
3	47	0.887581699346405
4	47	0.973856209150327
5	47	0.495424836601307
6	47	0.900653594771242
7	47	0.733333333333333
8	47	0.862745098039216
9	47	0.861437908496732
10	47	0.369934640522876
11	47	0.881045751633987
12	47	0.341176470588235
13	47	0.534640522875817
14	47	0.726797385620915
15	47	0.347712418300654
16	47	0.905882352941176
18	47	0.380392156862745
19	47	0.900653594771242
20	47	0.994771241830065
21	47	0.92156862745098
22	47	0.542483660130719
23	47	0.900653594771242
24	47	0.635294117647059
25	47	0.416993464052288
26	47	0.444444444444444
27	47	0.300653594771242
28	47	0.963398692810458
29	47	0.901960784313726
31	47	0.78562091503268
32	47	0.339869281045752
33	47	0.313725490196078
34	47	0.870588235294118
35	47	0.394771241830066
36	47	0.883660130718954
37	47	0.734640522875817
39	47	0.352941176470588
41	47	0.303267973856209
42	47	0.874509803921569
43	47	0.464052287581699
44	47	0.369934640522876
45	47	0.882352941176471
46	47	0.943790849673203
1	48	0.796078431372549
2	48	0.388235294117647
3	48	0.818300653594771
4	48	0.904575163398693
5	48	0.564705882352941
6	48	0.831372549019608
7	48	0.802614379084967
8	48	0.793464052287582
9	48	0.792156862745098
10	48	0.43921568627451
11	48	0.811764705882353
12	48	0.410457516339869
13	48	0.603921568627451
14	48	0.796078431372549
15	48	0.416993464052288
16	48	0.836601307189543
17	48	0.305882352941176
18	48	0.449673202614379
19	48	0.831372549019608
20	48	0.935947712418301
21	48	0.852287581699346
22	48	0.611764705882353
23	48	0.831372549019608
24	48	0.704575163398693
25	48	0.486274509803922
26	48	0.513725490196078
27	48	0.369934640522876
28	48	0.894117647058824
29	48	0.832679738562092
31	48	0.854901960784314
32	48	0.409150326797386
33	48	0.383006535947712
34	48	0.801307189542484
35	48	0.464052287581699
36	48	0.81437908496732
37	48	0.803921568627451
38	48	0.311111111111111
39	48	0.422222222222222
40	48	0.303267973856209
41	48	0.372549019607843
42	48	0.805228758169935
43	48	0.533333333333333
44	48	0.43921568627451
45	48	0.813071895424837
46	48	0.986928104575163
47	48	0.930718954248366
2	49	0.938562091503268
5	49	0.762091503267974
7	49	0.524183006535948
10	49	0.887581699346405
12	49	0.916339869281046
13	49	0.722875816993464
14	49	0.530718954248366
15	49	0.909803921568628
17	49	0.979084967320261
18	49	0.877124183006536
22	49	0.715032679738562
24	49	0.622222222222222
25	49	0.840522875816993
26	49	0.813071895424837
27	49	0.956862745098039
30	49	0.963398692810458
31	49	0.471895424836601
32	49	0.917647058823529
33	49	0.943790849673203
35	49	0.862745098039216
37	49	0.522875816993464
38	49	0.984313725490196
39	49	0.904575163398693
40	49	0.976470588235294
41	49	0.954248366013072
43	49	0.793464052287582
44	49	0.887581699346405
46	49	0.313725490196078
48	49	0.326797385620915
1	50	0.915032679738562
3	50	0.937254901960784
4	50	0.976470588235294
5	50	0.445751633986928
6	50	0.950326797385621
7	50	0.683660130718954
8	50	0.912418300653595
9	50	0.911111111111111
10	50	0.320261437908497
11	50	0.930718954248366
13	50	0.484967320261438
14	50	0.677124183006536
16	50	0.955555555555556
18	50	0.330718954248366
19	50	0.950326797385621
20	50	0.945098039215686
21	50	0.971241830065359
22	50	0.49281045751634
23	50	0.950326797385621
24	50	0.58562091503268
25	50	0.367320261437909
26	50	0.394771241830065
28	50	0.986928104575163
29	50	0.951633986928105
31	50	0.735947712418301
34	50	0.920261437908497
35	50	0.345098039215686
36	50	0.933333333333333
37	50	0.684967320261438
39	50	0.303267973856209
42	50	0.924183006535948
43	50	0.41437908496732
44	50	0.320261437908497
45	50	0.93202614379085
46	50	0.894117647058823
47	50	0.950326797385621
48	50	0.881045751633987
2	51	0.886274509803922
3	51	0.320261437908497
4	51	0.406535947712418
5	51	0.937254901960784
6	51	0.333333333333333
7	51	0.699346405228758
10	51	0.937254901960784
11	51	0.313725490196078
12	51	0.908496732026144
13	51	0.898039215686275
14	51	0.705882352941176
15	51	0.915032679738562
16	51	0.338562091503268
17	51	0.803921568627451
18	51	0.947712418300654
19	51	0.333333333333333
20	51	0.437908496732026
21	51	0.354248366013072
22	51	0.890196078431373
23	51	0.333333333333333
24	51	0.797385620915033
25	51	0.984313725490196
26	51	0.988235294117647
27	51	0.86797385620915
28	51	0.396078431372549
29	51	0.334640522875817
30	51	0.788235294117647
31	51	0.647058823529412
32	51	0.90718954248366
33	51	0.881045751633987
34	51	0.303267973856209
35	51	0.962091503267974
36	51	0.316339869281046
37	51	0.698039215686274
38	51	0.809150326797386
39	51	0.920261437908497
40	51	0.801307189542484
41	51	0.870588235294118
42	51	0.30718954248366
43	51	0.968627450980392
44	51	0.937254901960784
45	51	0.315032679738562
46	51	0.488888888888889
47	51	0.432679738562092
48	51	0.501960784313725
49	51	0.82483660130719
50	51	0.383006535947712
1	52	0.996078431372549
3	52	0.973856209150327
4	52	0.887581699346405
5	52	0.356862745098039
6	52	0.96078431372549
7	52	0.594771241830065
8	52	0.998692810457516
9	52	1
11	52	0.980392156862745
13	52	0.396078431372549
14	52	0.588235294117647
16	52	0.955555555555556
19	52	0.96078431372549
20	52	0.856209150326797
21	52	0.939869281045752
22	52	0.403921568627451
23	52	0.96078431372549
24	52	0.496732026143791
26	52	0.305882352941176
28	52	0.898039215686274
29	52	0.959477124183006
31	52	0.647058823529412
34	52	0.990849673202614
36	52	0.977777777777778
37	52	0.596078431372549
42	52	0.986928104575163
43	52	0.325490196078431
45	52	0.979084967320261
46	52	0.805228758169935
47	52	0.861437908496732
48	52	0.792156862745098
50	52	0.911111111111111
1	53	0.900653594771242
3	53	0.922875816993464
4	53	0.990849673202614
5	53	0.460130718954248
6	53	0.935947712418301
7	53	0.698039215686274
8	53	0.898039215686274
9	53	0.896732026143791
10	53	0.334640522875817
11	53	0.916339869281046
12	53	0.305882352941177
13	53	0.499346405228758
14	53	0.691503267973856
15	53	0.312418300653595
16	53	0.941176470588235
18	53	0.345098039215686
19	53	0.935947712418301
20	53	0.959477124183006
21	53	0.956862745098039
22	53	0.50718954248366
23	53	0.935947712418301
24	53	0.6
25	53	0.381699346405229
26	53	0.409150326797386
28	53	0.998692810457516
29	53	0.937254901960784
31	53	0.750326797385621
32	53	0.304575163398693
34	53	0.905882352941176
35	53	0.359477124183007
36	53	0.918954248366013
37	53	0.699346405228758
39	53	0.31764705882353
42	53	0.909803921568628
43	53	0.428758169934641
44	53	0.334640522875817
45	53	0.917647058823529
46	53	0.908496732026144
47	53	0.964705882352941
48	53	0.895424836601307
50	53	0.98562091503268
51	53	0.397385620915033
52	53	0.896732026143791
1	54	0.384313725490196
2	54	0.8
3	54	0.406535947712418
4	54	0.49281045751634
5	54	0.976470588235294
6	54	0.419607843137255
7	54	0.78562091503268
8	54	0.381699346405229
9	54	0.380392156862745
10	54	0.850980392156863
11	54	0.4
12	54	0.822222222222222
13	54	0.984313725490196
14	54	0.792156862745098
15	54	0.82875816993464
16	54	0.424836601307189
17	54	0.717647058823529
18	54	0.861437908496732
19	54	0.419607843137255
20	54	0.524183006535948
21	54	0.440522875816993
22	54	0.976470588235294
23	54	0.419607843137255
24	54	0.883660130718954
25	54	0.898039215686275
26	54	0.925490196078431
27	54	0.781699346405229
28	54	0.482352941176471
29	54	0.420915032679739
30	54	0.701960784313726
31	54	0.733333333333333
32	54	0.820915032679739
33	54	0.794771241830065
34	54	0.389542483660131
35	54	0.875816993464052
36	54	0.402614379084967
37	54	0.784313725490196
38	54	0.722875816993464
39	54	0.833986928104575
40	54	0.715032679738562
41	54	0.784313725490196
42	54	0.393464052287582
43	54	0.945098039215686
44	54	0.850980392156863
45	54	0.401307189542484
46	54	0.57516339869281
47	54	0.518954248366013
48	54	0.588235294117647
49	54	0.738562091503268
50	54	0.469281045751634
51	54	0.913725490196078
52	54	0.380392156862745
53	54	0.483660130718954
1	55	0.308496732026144
2	55	0.875816993464052
3	55	0.330718954248366
4	55	0.416993464052288
5	55	0.947712418300654
6	55	0.343790849673203
7	55	0.709803921568627
8	55	0.305882352941176
9	55	0.304575163398693
10	55	0.926797385620915
11	55	0.324183006535948
12	55	0.898039215686275
13	55	0.908496732026144
14	55	0.716339869281046
15	55	0.904575163398693
16	55	0.349019607843137
17	55	0.793464052287582
18	55	0.937254901960784
19	55	0.343790849673203
20	55	0.448366013071895
21	55	0.364705882352941
22	55	0.900653594771242
23	55	0.343790849673203
24	55	0.807843137254902
25	55	0.973856209150327
26	55	0.998692810457516
27	55	0.857516339869281
28	55	0.406535947712418
29	55	0.345098039215686
30	55	0.777777777777778
31	55	0.657516339869281
32	55	0.896732026143791
33	55	0.870588235294118
34	55	0.313725490196078
35	55	0.951633986928105
36	55	0.326797385620915
37	55	0.708496732026144
38	55	0.798692810457516
39	55	0.909803921568628
40	55	0.790849673202614
41	55	0.860130718954248
42	55	0.31764705882353
43	55	0.979084967320261
44	55	0.926797385620915
45	55	0.325490196078431
46	55	0.499346405228758
47	55	0.443137254901961
48	55	0.512418300653595
49	55	0.81437908496732
50	55	0.393464052287582
51	55	0.989542483660131
52	55	0.304575163398693
53	55	0.407843137254902
54	55	0.924183006535948
1	56	0.988235294117647
3	56	0.989542483660131
4	56	0.903267973856209
5	56	0.372549019607843
6	56	0.976470588235294
7	56	0.610457516339869
8	56	0.98562091503268
9	56	0.984313725490196
11	56	0.996078431372549
13	56	0.411764705882353
14	56	0.603921568627451
16	56	0.971241830065359
19	56	0.976470588235294
20	56	0.871895424836601
21	56	0.955555555555556
22	56	0.419607843137255
23	56	0.976470588235294
24	56	0.512418300653595
26	56	0.32156862745098
28	56	0.913725490196078
29	56	0.97516339869281
31	56	0.662745098039216
34	56	0.993464052287582
36	56	0.993464052287582
37	56	0.611764705882353
42	56	0.997385620915033
43	56	0.341176470588235
45	56	0.994771241830065
46	56	0.820915032679739
47	56	0.877124183006536
48	56	0.807843137254902
50	56	0.926797385620915
51	56	0.309803921568627
52	56	0.984313725490196
53	56	0.912418300653595
54	56	0.396078431372549
55	56	0.320261437908497
1	57	0.349019607843137
2	57	0.835294117647059
3	57	0.37124183006536
4	57	0.457516339869281
5	57	0.988235294117647
6	57	0.384313725490196
7	57	0.750326797385621
8	57	0.34640522875817
9	57	0.345098039215686
10	57	0.886274509803921
11	57	0.364705882352941
12	57	0.857516339869281
13	57	0.949019607843137
14	57	0.756862745098039
15	57	0.864052287581699
16	57	0.389542483660131
17	57	0.752941176470588
18	57	0.896732026143791
19	57	0.384313725490196
20	57	0.488888888888889
21	57	0.405228758169935
22	57	0.941176470588235
23	57	0.384313725490196
24	57	0.848366013071895
25	57	0.933333333333333
26	57	0.96078431372549
27	57	0.816993464052288
28	57	0.447058823529412
29	57	0.38562091503268
30	57	0.737254901960784
31	57	0.698039215686275
32	57	0.856209150326797
33	57	0.830065359477124
34	57	0.354248366013072
35	57	0.911111111111111
36	57	0.367320261437909
37	57	0.749019607843137
38	57	0.758169934640523
39	57	0.869281045751634
40	57	0.750326797385621
41	57	0.819607843137255
42	57	0.358169934640523
43	57	0.980392156862745
44	57	0.886274509803921
45	57	0.366013071895425
46	57	0.539869281045752
47	57	0.483660130718954
48	57	0.552941176470588
49	57	0.773856209150327
50	57	0.433986928104575
51	57	0.949019607843137
52	57	0.345098039215686
53	57	0.448366013071895
54	57	0.964705882352941
55	57	0.959477124183006
56	57	0.36078431372549
1	58	0.356862745098039
2	58	0.827450980392157
3	58	0.379084967320262
4	58	0.465359477124183
5	58	0.996078431372549
6	58	0.392156862745098
7	58	0.758169934640523
8	58	0.354248366013072
9	58	0.352941176470588
10	58	0.878431372549019
11	58	0.372549019607843
12	58	0.849673202614379
13	58	0.956862745098039
14	58	0.764705882352941
15	58	0.856209150326797
16	58	0.397385620915033
17	58	0.745098039215686
18	58	0.888888888888889
19	58	0.392156862745098
20	58	0.496732026143791
21	58	0.413071895424837
22	58	0.949019607843137
23	58	0.392156862745098
24	58	0.856209150326797
25	58	0.925490196078431
26	58	0.952941176470588
27	58	0.809150326797386
28	58	0.454901960784314
29	58	0.393464052287582
30	58	0.729411764705882
31	58	0.705882352941177
32	58	0.848366013071895
33	58	0.822222222222222
34	58	0.362091503267974
35	58	0.903267973856209
36	58	0.375163398692811
37	58	0.756862745098039
38	58	0.750326797385621
39	58	0.861437908496732
40	58	0.742483660130719
41	58	0.811764705882353
42	58	0.366013071895425
43	58	0.972549019607843
44	58	0.878431372549019
45	58	0.373856209150327
46	58	0.547712418300654
47	58	0.491503267973856
48	58	0.56078431372549
49	58	0.766013071895425
50	58	0.441830065359477
51	58	0.941176470588235
52	58	0.352941176470588
53	58	0.456209150326798
54	58	0.972549019607843
55	58	0.951633986928104
56	58	0.368627450980392
57	58	0.992156862745098
1	59	0.504575163398693
2	59	0.679738562091503
3	59	0.526797385620915
4	59	0.613071895424837
5	59	0.856209150326797
6	59	0.539869281045752
7	59	0.905882352941176
8	59	0.501960784313725
9	59	0.500653594771242
10	59	0.730718954248366
11	59	0.520261437908497
12	59	0.701960784313726
13	59	0.895424836601307
14	59	0.912418300653595
15	59	0.708496732026144
16	59	0.545098039215686
17	59	0.597385620915033
18	59	0.741176470588235
19	59	0.539869281045752
20	59	0.644444444444444
21	59	0.56078431372549
22	59	0.903267973856209
23	59	0.539869281045752
24	59	0.996078431372549
25	59	0.777777777777778
26	59	0.805228758169935
27	59	0.661437908496732
28	59	0.602614379084967
29	59	0.541176470588235
30	59	0.581699346405229
31	59	0.85359477124183
32	59	0.700653594771242
33	59	0.674509803921569
34	59	0.509803921568627
35	59	0.755555555555556
36	59	0.522875816993464
37	59	0.904575163398693
38	59	0.602614379084967
39	59	0.713725490196079
40	59	0.594771241830065
41	59	0.664052287581699
42	59	0.513725490196078
43	59	0.82483660130719
44	59	0.730718954248366
45	59	0.52156862745098
46	59	0.695424836601307
47	59	0.63921568627451
48	59	0.708496732026144
49	59	0.618300653594771
50	59	0.589542483660131
51	59	0.793464052287582
52	59	0.500653594771242
53	59	0.603921568627451
54	59	0.879738562091503
55	59	0.803921568627451
56	59	0.516339869281046
57	59	0.844444444444445
58	59	0.852287581699346
2	60	0.994771241830065
5	60	0.818300653594771
7	60	0.580392156862745
10	60	0.943790849673203
12	60	0.972549019607843
13	60	0.779084967320262
14	60	0.586928104575163
15	60	0.966013071895425
17	60	0.922875816993464
18	60	0.933333333333333
20	60	0.318954248366013
22	60	0.77124183006536
24	60	0.67843137254902
25	60	0.896732026143791
26	60	0.869281045751634
27	60	0.986928104575163
30	60	0.90718954248366
31	60	0.528104575163399
32	60	0.973856209150327
33	60	1
35	60	0.918954248366013
37	60	0.579084967320261
38	60	0.928104575163399
39	60	0.96078431372549
40	60	0.920261437908497
41	60	0.989542483660131
43	60	0.849673202614379
44	60	0.943790849673203
46	60	0.369934640522876
47	60	0.313725490196078
48	60	0.383006535947712
49	60	0.943790849673203
51	60	0.881045751633987
54	60	0.794771241830065
55	60	0.870588235294118
57	60	0.830065359477124
58	60	0.822222222222222
59	60	0.674509803921569
2	61	0.913725490196078
5	61	0.737254901960784
7	61	0.499346405228758
10	61	0.862745098039216
12	61	0.891503267973856
13	61	0.698039215686275
14	61	0.505882352941177
15	61	0.884967320261438
17	61	0.996078431372549
18	61	0.852287581699346
22	61	0.690196078431373
24	61	0.597385620915033
25	61	0.815686274509804
26	61	0.788235294117647
27	61	0.93202614379085
30	61	0.988235294117647
31	61	0.447058823529412
32	61	0.89281045751634
33	61	0.918954248366013
35	61	0.837908496732026
37	61	0.498039215686275
38	61	0.990849673202614
39	61	0.879738562091503
40	61	0.998692810457516
41	61	0.929411764705882
43	61	0.768627450980392
44	61	0.862745098039216
48	61	0.301960784313726
49	61	0.975163398692811
51	61	0.8
54	61	0.713725490196079
55	61	0.789542483660131
57	61	0.749019607843137
58	61	0.741176470588235
59	61	0.593464052287582
60	61	0.918954248366013
1	62	0.792156862745098
2	62	0.392156862745098
3	62	0.81437908496732
4	62	0.900653594771242
5	62	0.568627450980392
6	62	0.827450980392157
7	62	0.806535947712418
8	62	0.789542483660131
9	62	0.788235294117647
10	62	0.443137254901961
11	62	0.807843137254902
12	62	0.41437908496732
13	62	0.607843137254902
14	62	0.8
15	62	0.420915032679739
16	62	0.832679738562091
17	62	0.309803921568627
18	62	0.45359477124183
19	62	0.827450980392157
20	62	0.93202614379085
21	62	0.848366013071895
22	62	0.615686274509804
23	62	0.827450980392157
24	62	0.708496732026144
25	62	0.490196078431373
26	62	0.517647058823529
27	62	0.373856209150327
28	62	0.890196078431373
29	62	0.828758169934641
31	62	0.858823529411765
32	62	0.413071895424837
33	62	0.386928104575163
34	62	0.797385620915033
35	62	0.46797385620915
36	62	0.810457516339869
37	62	0.807843137254902
38	62	0.315032679738562
39	62	0.426143790849673
40	62	0.30718954248366
41	62	0.376470588235294
42	62	0.801307189542484
43	62	0.537254901960784
44	62	0.443137254901961
45	62	0.809150326797386
46	62	0.983006535947712
47	62	0.926797385620915
48	62	0.996078431372549
49	62	0.330718954248366
50	62	0.877124183006536
51	62	0.505882352941176
52	62	0.788235294117647
53	62	0.891503267973856
54	62	0.592156862745098
55	62	0.516339869281046
56	62	0.803921568627451
57	62	0.556862745098039
58	62	0.564705882352941
59	62	0.712418300653595
60	62	0.386928104575163
61	62	0.305882352941177
2	63	0.909803921568628
4	63	0.383006535947713
5	63	0.913725490196078
6	63	0.309803921568627
7	63	0.675816993464052
10	63	0.96078431372549
12	63	0.93202614379085
13	63	0.874509803921569
14	63	0.682352941176471
15	63	0.938562091503268
16	63	0.315032679738562
17	63	0.827450980392157
18	63	0.971241830065359
19	63	0.309803921568627
20	63	0.41437908496732
21	63	0.330718954248366
22	63	0.866666666666667
23	63	0.309803921568627
24	63	0.773856209150327
25	63	0.992156862745098
26	63	0.964705882352941
27	63	0.891503267973856
28	63	0.372549019607843
29	63	0.311111111111111
30	63	0.811764705882353
31	63	0.623529411764706
32	63	0.930718954248366
33	63	0.904575163398693
35	63	0.98562091503268
37	63	0.674509803921569
38	63	0.832679738562092
39	63	0.943790849673203
40	63	0.82483660130719
41	63	0.894117647058823
43	63	0.945098039215686
44	63	0.96078431372549
46	63	0.465359477124183
47	63	0.409150326797386
48	63	0.47843137254902
49	63	0.848366013071895
50	63	0.359477124183006
51	63	0.976470588235294
53	63	0.373856209150327
54	63	0.890196078431373
55	63	0.966013071895425
57	63	0.925490196078431
58	63	0.917647058823529
59	63	0.769934640522876
60	63	0.904575163398693
61	63	0.823529411764706
62	63	0.482352941176471
1	64	0.996078431372549
3	64	0.973856209150327
4	64	0.887581699346405
5	64	0.356862745098039
6	64	0.96078431372549
7	64	0.594771241830065
8	64	0.998692810457516
9	64	1
11	64	0.980392156862745
13	64	0.396078431372549
14	64	0.588235294117647
16	64	0.955555555555556
19	64	0.96078431372549
20	64	0.856209150326797
21	64	0.939869281045752
22	64	0.403921568627451
23	64	0.96078431372549
24	64	0.496732026143791
26	64	0.305882352941176
28	64	0.898039215686274
29	64	0.959477124183006
31	64	0.647058823529412
34	64	0.990849673202614
36	64	0.977777777777778
37	64	0.596078431372549
42	64	0.986928104575163
43	64	0.325490196078431
45	64	0.979084967320261
46	64	0.805228758169935
47	64	0.861437908496732
48	64	0.792156862745098
50	64	0.911111111111111
52	64	1
53	64	0.896732026143791
54	64	0.380392156862745
55	64	0.304575163398693
56	64	0.984313725490196
57	64	0.345098039215686
58	64	0.352941176470588
59	64	0.500653594771242
62	64	0.788235294117647
2	65	0.952941176470588
4	65	0.339869281045752
5	65	0.870588235294118
7	65	0.632679738562092
10	65	0.996078431372549
12	65	0.975163398692811
13	65	0.831372549019608
14	65	0.63921568627451
15	65	0.981699346405229
17	65	0.870588235294118
18	65	0.98562091503268
20	65	0.37124183006536
22	65	0.823529411764706
24	65	0.730718954248366
25	65	0.949019607843137
26	65	0.92156862745098
27	65	0.934640522875817
28	65	0.329411764705882
30	65	0.854901960784314
31	65	0.580392156862745
32	65	0.973856209150327
33	65	0.947712418300654
35	65	0.971241830065359
37	65	0.631372549019608
38	65	0.875816993464052
39	65	0.986928104575163
40	65	0.86797385620915
41	65	0.937254901960784
43	65	0.901960784313726
44	65	0.996078431372549
46	65	0.422222222222222
47	65	0.366013071895425
48	65	0.435294117647059
49	65	0.891503267973856
50	65	0.316339869281046
51	65	0.933333333333333
53	65	0.330718954248366
54	65	0.847058823529412
55	65	0.922875816993464
57	65	0.882352941176471
58	65	0.874509803921569
59	65	0.726797385620915
60	65	0.947712418300654
61	65	0.866666666666667
62	65	0.43921568627451
63	65	0.956862745098039
1	66	0.631372549019608
2	66	0.552941176470588
3	66	0.65359477124183
4	66	0.739869281045752
5	66	0.729411764705882
6	66	0.666666666666667
7	66	0.967320261437909
8	66	0.628758169934641
9	66	0.627450980392157
10	66	0.603921568627451
11	66	0.647058823529412
12	66	0.575163398692811
13	66	0.768627450980392
14	66	0.96078431372549
15	66	0.581699346405229
16	66	0.671895424836601
17	66	0.470588235294118
18	66	0.61437908496732
19	66	0.666666666666667
20	66	0.77124183006536
21	66	0.687581699346405
22	66	0.776470588235294
23	66	0.666666666666667
24	66	0.869281045751634
25	66	0.650980392156863
26	66	0.67843137254902
27	66	0.534640522875817
28	66	0.729411764705882
29	66	0.66797385620915
30	66	0.454901960784314
31	66	0.980392156862745
32	66	0.573856209150327
33	66	0.547712418300654
34	66	0.636601307189542
35	66	0.628758169934641
36	66	0.649673202614379
37	66	0.968627450980392
38	66	0.475816993464052
39	66	0.586928104575164
40	66	0.46797385620915
41	66	0.537254901960784
42	66	0.640522875816993
43	66	0.698039215686275
44	66	0.603921568627451
45	66	0.648366013071895
46	66	0.822222222222222
47	66	0.766013071895425
48	66	0.835294117647059
49	66	0.491503267973856
50	66	0.716339869281046
51	66	0.666666666666667
52	66	0.627450980392157
53	66	0.730718954248366
54	66	0.752941176470588
55	66	0.677124183006536
56	66	0.643137254901961
57	66	0.71764705882353
58	66	0.725490196078432
59	66	0.873202614379085
60	66	0.547712418300654
61	66	0.466666666666667
62	66	0.83921568627451
63	66	0.643137254901961
64	66	0.627450980392157
65	66	0.6
1	67	0.443137254901961
2	67	0.741176470588236
3	67	0.465359477124183
4	67	0.551633986928105
5	67	0.91764705882353
6	67	0.478431372549019
7	67	0.844444444444444
8	67	0.440522875816993
9	67	0.43921568627451
10	67	0.792156862745098
11	67	0.458823529411765
12	67	0.763398692810458
13	67	0.956862745098039
14	67	0.850980392156863
15	67	0.769934640522876
16	67	0.483660130718954
17	67	0.658823529411765
18	67	0.802614379084967
19	67	0.478431372549019
20	67	0.583006535947712
21	67	0.499346405228758
22	67	0.964705882352941
23	67	0.478431372549019
24	67	0.942483660130719
25	67	0.83921568627451
26	67	0.866666666666667
27	67	0.722875816993464
28	67	0.541176470588235
29	67	0.479738562091503
30	67	0.643137254901961
31	67	0.792156862745098
32	67	0.762091503267974
33	67	0.735947712418301
34	67	0.448366013071895
35	67	0.816993464052288
36	67	0.461437908496732
37	67	0.843137254901961
38	67	0.6640522875817
39	67	0.775163398692811
40	67	0.656209150326797
41	67	0.725490196078431
42	67	0.452287581699346
43	67	0.886274509803922
44	67	0.792156862745098
45	67	0.460130718954248
46	67	0.633986928104575
47	67	0.577777777777778
48	67	0.647058823529412
49	67	0.679738562091503
50	67	0.528104575163399
51	67	0.854901960784314
52	67	0.43921568627451
53	67	0.542483660130719
54	67	0.941176470588235
55	67	0.865359477124183
56	67	0.454901960784314
57	67	0.905882352941177
58	67	0.913725490196079
59	67	0.938562091503268
60	67	0.735947712418301
61	67	0.654901960784314
62	67	0.650980392156863
63	67	0.831372549019608
64	67	0.43921568627451
65	67	0.788235294117647
66	67	0.811764705882353
1	68	0.990849673202614
3	68	0.968627450980392
4	68	0.882352941176471
5	68	0.351633986928105
6	68	0.955555555555556
7	68	0.589542483660131
8	68	0.993464052287582
9	68	0.994771241830065
11	68	0.97516339869281
13	68	0.390849673202614
14	68	0.583006535947712
16	68	0.950326797385621
19	68	0.955555555555556
20	68	0.850980392156863
21	68	0.934640522875817
22	68	0.398692810457516
23	68	0.955555555555556
24	68	0.491503267973856
26	68	0.300653594771242
28	68	0.89281045751634
29	68	0.954248366013072
31	68	0.641830065359477
34	68	0.98562091503268
36	68	0.972549019607843
37	68	0.590849673202614
42	68	0.981699346405229
43	68	0.320261437908497
45	68	0.973856209150327
46	68	0.8
47	68	0.856209150326797
48	68	0.786928104575163
50	68	0.905882352941176
52	68	0.994771241830065
53	68	0.891503267973856
54	68	0.37516339869281
56	68	0.979084967320261
57	68	0.339869281045752
58	68	0.347712418300654
59	68	0.495424836601307
62	68	0.783006535947712
64	68	0.994771241830065
66	68	0.622222222222222
67	68	0.433986928104575
1	69	0.972549019607843
3	69	0.950326797385621
4	69	0.864052287581699
5	69	0.333333333333333
6	69	0.937254901960784
7	69	0.571241830065359
8	69	0.975163398692811
9	69	0.976470588235294
11	69	0.956862745098039
13	69	0.372549019607843
14	69	0.564705882352941
16	69	0.93202614379085
19	69	0.937254901960784
20	69	0.832679738562091
21	69	0.916339869281046
22	69	0.380392156862745
23	69	0.937254901960784
24	69	0.473202614379085
28	69	0.874509803921569
29	69	0.935947712418301
31	69	0.623529411764706
34	69	0.967320261437909
36	69	0.954248366013072
37	69	0.572549019607843
42	69	0.963398692810458
43	69	0.301960784313726
45	69	0.955555555555556
46	69	0.781699346405229
47	69	0.837908496732026
48	69	0.768627450980392
50	69	0.887581699346405
52	69	0.976470588235294
53	69	0.873202614379085
54	69	0.356862745098039
56	69	0.96078431372549
57	69	0.32156862745098
58	69	0.329411764705883
59	69	0.477124183006536
62	69	0.764705882352941
64	69	0.976470588235294
66	69	0.603921568627451
67	69	0.415686274509804
68	69	0.981699346405229
1	70	0.996078431372549
3	70	0.973856209150327
4	70	0.887581699346405
5	70	0.356862745098039
6	70	0.96078431372549
7	70	0.594771241830065
8	70	0.998692810457516
9	70	1
11	70	0.980392156862745
13	70	0.396078431372549
14	70	0.588235294117647
16	70	0.955555555555556
19	70	0.96078431372549
20	70	0.856209150326797
21	70	0.939869281045752
22	70	0.403921568627451
23	70	0.96078431372549
24	70	0.496732026143791
26	70	0.305882352941176
28	70	0.898039215686274
29	70	0.959477124183006
31	70	0.647058823529412
34	70	0.990849673202614
36	70	0.977777777777778
37	70	0.596078431372549
42	70	0.986928104575163
43	70	0.325490196078431
45	70	0.979084967320261
46	70	0.805228758169935
47	70	0.861437908496732
48	70	0.792156862745098
50	70	0.911111111111111
52	70	1
53	70	0.896732026143791
54	70	0.380392156862745
55	70	0.304575163398693
56	70	0.984313725490196
57	70	0.345098039215686
58	70	0.352941176470588
59	70	0.500653594771242
62	70	0.788235294117647
64	70	1
66	70	0.627450980392157
67	70	0.43921568627451
68	70	0.994771241830065
69	70	0.976470588235294
1	71	0.545098039215686
2	71	0.63921568627451
3	71	0.567320261437909
4	71	0.65359477124183
5	71	0.815686274509804
6	71	0.580392156862745
7	71	0.94640522875817
8	71	0.542483660130719
9	71	0.541176470588235
10	71	0.690196078431372
11	71	0.56078431372549
12	71	0.661437908496732
13	71	0.854901960784314
14	71	0.952941176470588
15	71	0.66797385620915
16	71	0.58562091503268
17	71	0.556862745098039
18	71	0.700653594771242
19	71	0.580392156862745
20	71	0.684967320261438
21	71	0.601307189542484
22	71	0.862745098039216
23	71	0.580392156862745
24	71	0.955555555555556
25	71	0.737254901960784
26	71	0.764705882352941
27	71	0.620915032679739
28	71	0.643137254901961
29	71	0.581699346405229
30	71	0.541176470588235
31	71	0.894117647058824
32	71	0.660130718954248
33	71	0.633986928104575
34	71	0.550326797385621
35	71	0.715032679738562
36	71	0.563398692810458
37	71	0.945098039215686
38	71	0.562091503267974
39	71	0.673202614379085
40	71	0.554248366013072
41	71	0.623529411764706
42	71	0.554248366013072
43	71	0.784313725490196
44	71	0.690196078431372
45	71	0.562091503267974
46	71	0.735947712418301
47	71	0.679738562091503
48	71	0.749019607843137
49	71	0.577777777777778
50	71	0.630065359477124
51	71	0.752941176470588
52	71	0.541176470588235
53	71	0.644444444444444
54	71	0.83921568627451
55	71	0.763398692810457
56	71	0.556862745098039
57	71	0.803921568627451
58	71	0.811764705882353
59	71	0.959477124183006
60	71	0.633986928104575
61	71	0.552941176470588
62	71	0.752941176470588
63	71	0.729411764705882
64	71	0.541176470588235
65	71	0.686274509803922
66	71	0.913725490196079
67	71	0.898039215686274
68	71	0.535947712418301
69	71	0.51764705882353
70	71	0.541176470588235
1	72	0.993464052287582
3	72	0.984313725490196
4	72	0.898039215686274
5	72	0.367320261437909
6	72	0.971241830065359
7	72	0.605228758169935
8	72	0.990849673202614
9	72	0.989542483660131
11	72	0.990849673202614
13	72	0.406535947712418
14	72	0.598692810457516
16	72	0.966013071895425
19	72	0.971241830065359
20	72	0.866666666666667
21	72	0.950326797385621
22	72	0.41437908496732
23	72	0.971241830065359
24	72	0.50718954248366
26	72	0.316339869281046
28	72	0.908496732026144
29	72	0.969934640522876
31	72	0.657516339869281
34	72	0.998692810457516
36	72	0.988235294117647
37	72	0.606535947712418
42	72	0.997385620915033
43	72	0.335947712418301
45	72	0.989542483660131
46	72	0.815686274509804
47	72	0.871895424836601
48	72	0.802614379084967
50	72	0.92156862745098
51	72	0.304575163398693
52	72	0.989542483660131
53	72	0.90718954248366
54	72	0.390849673202614
55	72	0.315032679738562
56	72	0.994771241830065
57	72	0.355555555555556
58	72	0.363398692810458
59	72	0.511111111111111
62	72	0.798692810457516
64	72	0.989542483660131
66	72	0.637908496732026
67	72	0.449673202614379
68	72	0.984313725490196
69	72	0.966013071895425
70	72	0.989542483660131
71	72	0.551633986928105
2	73	0.958169934640523
5	73	0.781699346405229
7	73	0.543790849673203
10	73	0.90718954248366
12	73	0.935947712418301
13	73	0.742483660130719
14	73	0.550326797385621
15	73	0.929411764705882
17	73	0.959477124183006
18	73	0.896732026143791
22	73	0.734640522875817
24	73	0.641830065359477
25	73	0.860130718954248
26	73	0.832679738562092
27	73	0.976470588235294
30	73	0.943790849673203
31	73	0.491503267973856
32	73	0.937254901960784
33	73	0.963398692810458
35	73	0.882352941176471
37	73	0.542483660130719
38	73	0.964705882352941
39	73	0.924183006535948
40	73	0.956862745098039
41	73	0.973856209150327
43	73	0.813071895424837
44	73	0.90718954248366
46	73	0.333333333333333
48	73	0.34640522875817
49	73	0.980392156862745
51	73	0.844444444444445
54	73	0.758169934640523
55	73	0.833986928104575
57	73	0.793464052287582
58	73	0.78562091503268
59	73	0.637908496732026
60	73	0.963398692810458
61	73	0.955555555555556
62	73	0.350326797385621
63	73	0.86797385620915
65	73	0.911111111111111
66	73	0.511111111111111
67	73	0.699346405228758
71	73	0.597385620915033
1	74	0.909803921568628
3	74	0.93202614379085
4	74	0.981699346405229
5	74	0.450980392156863
6	74	0.945098039215686
7	74	0.688888888888889
8	74	0.90718954248366
9	74	0.905882352941176
10	74	0.325490196078431
11	74	0.925490196078431
13	74	0.490196078431372
14	74	0.682352941176471
15	74	0.303267973856209
16	74	0.950326797385621
18	74	0.335947712418301
19	74	0.945098039215686
20	74	0.950326797385621
21	74	0.966013071895425
22	74	0.498039215686274
23	74	0.945098039215686
24	74	0.590849673202614
25	74	0.372549019607843
26	74	0.4
28	74	0.992156862745098
29	74	0.94640522875817
31	74	0.741176470588235
34	74	0.915032679738562
35	74	0.350326797385621
36	74	0.928104575163399
37	74	0.690196078431373
39	74	0.308496732026144
42	74	0.918954248366013
43	74	0.419607843137255
44	74	0.325490196078431
45	74	0.926797385620915
46	74	0.899346405228758
47	74	0.955555555555555
48	74	0.886274509803922
50	74	0.994771241830065
51	74	0.388235294117647
52	74	0.905882352941176
53	74	0.990849673202614
54	74	0.474509803921569
55	74	0.398692810457516
56	74	0.92156862745098
57	74	0.43921568627451
58	74	0.447058823529412
59	74	0.594771241830065
62	74	0.882352941176471
63	74	0.364705882352941
64	74	0.905882352941176
65	74	0.32156862745098
66	74	0.72156862745098
67	74	0.533333333333333
68	74	0.900653594771242
69	74	0.882352941176471
70	74	0.905882352941176
71	74	0.635294117647059
72	74	0.916339869281046
1	75	0.841830065359477
2	75	0.342483660130719
3	75	0.864052287581699
4	75	0.950326797385621
5	75	0.518954248366013
6	75	0.877124183006536
7	75	0.756862745098039
8	75	0.83921568627451
9	75	0.837908496732026
10	75	0.393464052287582
11	75	0.857516339869281
12	75	0.364705882352941
13	75	0.558169934640523
14	75	0.750326797385621
15	75	0.371241830065359
16	75	0.882352941176471
18	75	0.403921568627451
19	75	0.877124183006536
20	75	0.981699346405229
21	75	0.898039215686274
22	75	0.566013071895425
23	75	0.877124183006536
24	75	0.658823529411765
25	75	0.440522875816994
26	75	0.46797385620915
27	75	0.324183006535948
28	75	0.939869281045752
29	75	0.87843137254902
31	75	0.809150326797386
32	75	0.363398692810458
33	75	0.337254901960784
34	75	0.847058823529412
35	75	0.418300653594771
36	75	0.860130718954248
37	75	0.758169934640523
39	75	0.376470588235294
41	75	0.326797385620915
42	75	0.850980392156863
43	75	0.487581699346405
44	75	0.393464052287582
45	75	0.858823529411765
46	75	0.967320261437909
47	75	0.976470588235294
48	75	0.954248366013072
50	75	0.926797385620915
51	75	0.456209150326797
52	75	0.837908496732026
53	75	0.941176470588235
54	75	0.542483660130719
55	75	0.466666666666667
56	75	0.85359477124183
57	75	0.50718954248366
58	75	0.515032679738562
59	75	0.662745098039216
60	75	0.337254901960784
62	75	0.950326797385621
63	75	0.432679738562092
64	75	0.837908496732026
65	75	0.389542483660131
66	75	0.789542483660131
67	75	0.601307189542484
68	75	0.832679738562091
69	75	0.81437908496732
70	75	0.837908496732026
71	75	0.703267973856209
72	75	0.848366013071895
73	75	0.300653594771242
74	75	0.93202614379085
1	76	0.997385620915033
3	76	0.97516339869281
4	76	0.888888888888889
5	76	0.358169934640523
6	76	0.962091503267974
7	76	0.596078431372549
8	76	1
9	76	0.998692810457516
11	76	0.981699346405229
13	76	0.397385620915033
14	76	0.589542483660131
16	76	0.956862745098039
19	76	0.962091503267974
20	76	0.857516339869281
21	76	0.941176470588235
22	76	0.405228758169935
23	76	0.962091503267974
24	76	0.498039215686275
26	76	0.30718954248366
28	76	0.899346405228758
29	76	0.96078431372549
31	76	0.648366013071895
34	76	0.992156862745098
36	76	0.979084967320261
37	76	0.597385620915033
42	76	0.988235294117647
43	76	0.326797385620915
45	76	0.980392156862745
46	76	0.806535947712418
47	76	0.862745098039216
48	76	0.793464052287582
50	76	0.912418300653595
52	76	0.998692810457516
53	76	0.898039215686274
54	76	0.381699346405229
55	76	0.305882352941176
56	76	0.98562091503268
57	76	0.34640522875817
58	76	0.354248366013072
59	76	0.501960784313725
62	76	0.789542483660131
64	76	0.998692810457516
66	76	0.628758169934641
67	76	0.440522875816993
68	76	0.993464052287582
69	76	0.975163398692811
70	76	0.998692810457516
71	76	0.542483660130719
72	76	0.990849673202614
74	76	0.90718954248366
75	76	0.83921568627451
1	77	0.986928104575163
3	77	0.990849673202614
4	77	0.904575163398693
5	77	0.373856209150327
6	77	0.977777777777778
7	77	0.611764705882353
8	77	0.984313725490196
9	77	0.983006535947712
11	77	0.997385620915033
13	77	0.413071895424836
14	77	0.605228758169935
16	77	0.972549019607843
19	77	0.977777777777778
20	77	0.873202614379085
21	77	0.956862745098039
22	77	0.420915032679739
23	77	0.977777777777778
24	77	0.513725490196078
26	77	0.322875816993464
28	77	0.915032679738562
29	77	0.976470588235294
31	77	0.664052287581699
34	77	0.992156862745098
36	77	0.994771241830065
37	77	0.613071895424837
42	77	0.996078431372549
43	77	0.342483660130719
45	77	0.996078431372549
46	77	0.822222222222222
47	77	0.87843137254902
48	77	0.809150326797386
50	77	0.928104575163399
51	77	0.311111111111111
52	77	0.983006535947712
53	77	0.913725490196078
54	77	0.397385620915033
55	77	0.32156862745098
56	77	0.998692810457516
57	77	0.362091503267974
58	77	0.369934640522876
59	77	0.517647058823529
62	77	0.805228758169935
64	77	0.983006535947712
66	77	0.644444444444444
67	77	0.456209150326797
68	77	0.977777777777778
69	77	0.959477124183007
70	77	0.983006535947712
71	77	0.558169934640523
72	77	0.993464052287582
74	77	0.922875816993464
75	77	0.854901960784314
76	77	0.984313725490196
2	78	0.843137254901961
5	78	0.666666666666667
7	78	0.428758169934641
10	78	0.792156862745098
12	78	0.820915032679738
13	78	0.627450980392157
14	78	0.435294117647059
15	78	0.81437908496732
17	78	0.925490196078431
18	78	0.781699346405229
22	78	0.619607843137255
24	78	0.526797385620915
25	78	0.745098039215686
26	78	0.717647058823529
27	78	0.861437908496732
30	78	0.941176470588235
31	78	0.376470588235294
32	78	0.822222222222222
33	78	0.848366013071895
35	78	0.767320261437908
37	78	0.427450980392157
38	78	0.920261437908497
39	78	0.809150326797386
40	78	0.928104575163399
41	78	0.858823529411765
43	78	0.698039215686274
44	78	0.792156862745098
49	78	0.904575163398693
51	78	0.729411764705882
54	78	0.643137254901961
55	78	0.718954248366013
57	78	0.67843137254902
58	78	0.670588235294117
59	78	0.522875816993464
60	78	0.848366013071895
61	78	0.929411764705882
63	78	0.752941176470588
65	78	0.796078431372549
66	78	0.396078431372549
67	78	0.584313725490196
71	78	0.482352941176471
73	78	0.884967320261438
1	79	0.997385620915033
3	79	0.97516339869281
4	79	0.888888888888889
5	79	0.358169934640523
6	79	0.962091503267974
7	79	0.596078431372549
8	79	1
9	79	0.998692810457516
11	79	0.981699346405229
13	79	0.397385620915033
14	79	0.589542483660131
16	79	0.956862745098039
19	79	0.962091503267974
20	79	0.857516339869281
21	79	0.941176470588235
22	79	0.405228758169935
23	79	0.962091503267974
24	79	0.498039215686275
26	79	0.30718954248366
28	79	0.899346405228758
29	79	0.96078431372549
31	79	0.648366013071895
34	79	0.992156862745098
36	79	0.979084967320261
37	79	0.597385620915033
42	79	0.988235294117647
43	79	0.326797385620915
45	79	0.980392156862745
46	79	0.806535947712418
47	79	0.862745098039216
48	79	0.793464052287582
50	79	0.912418300653595
52	79	0.998692810457516
53	79	0.898039215686274
54	79	0.381699346405229
55	79	0.305882352941176
56	79	0.98562091503268
57	79	0.34640522875817
58	79	0.354248366013072
59	79	0.501960784313725
62	79	0.789542483660131
64	79	0.998692810457516
66	79	0.628758169934641
67	79	0.440522875816993
68	79	0.993464052287582
69	79	0.975163398692811
70	79	0.998692810457516
71	79	0.542483660130719
72	79	0.990849673202614
74	79	0.90718954248366
75	79	0.83921568627451
76	79	1
77	79	0.984313725490196
1	80	0.312418300653595
2	80	0.871895424836602
3	80	0.334640522875817
4	80	0.420915032679739
5	80	0.951633986928104
6	80	0.347712418300653
7	80	0.713725490196078
8	80	0.309803921568627
9	80	0.308496732026144
10	80	0.922875816993464
11	80	0.328104575163399
12	80	0.894117647058824
13	80	0.912418300653595
14	80	0.720261437908497
15	80	0.900653594771242
16	80	0.352941176470588
17	80	0.789542483660131
18	80	0.933333333333333
19	80	0.347712418300653
20	80	0.452287581699346
21	80	0.368627450980392
22	80	0.904575163398693
23	80	0.347712418300653
24	80	0.811764705882353
25	80	0.969934640522876
26	80	0.997385620915033
27	80	0.85359477124183
28	80	0.410457516339869
29	80	0.349019607843137
30	80	0.773856209150327
31	80	0.661437908496732
32	80	0.89281045751634
33	80	0.866666666666667
34	80	0.317647058823529
35	80	0.947712418300654
36	80	0.330718954248366
37	80	0.712418300653595
38	80	0.794771241830066
39	80	0.905882352941177
40	80	0.786928104575163
41	80	0.856209150326797
42	80	0.32156862745098
43	80	0.983006535947712
44	80	0.922875816993464
45	80	0.329411764705882
46	80	0.503267973856209
47	80	0.447058823529412
48	80	0.516339869281046
49	80	0.810457516339869
50	80	0.397385620915033
51	80	0.98562091503268
52	80	0.308496732026144
53	80	0.411764705882353
54	80	0.928104575163399
55	80	0.996078431372549
56	80	0.324183006535948
57	80	0.963398692810457
58	80	0.955555555555555
59	80	0.807843137254902
60	80	0.866666666666667
61	80	0.78562091503268
62	80	0.520261437908497
63	80	0.962091503267974
64	80	0.308496732026144
65	80	0.918954248366013
66	80	0.681045751633987
67	80	0.869281045751634
68	80	0.303267973856209
70	80	0.308496732026144
71	80	0.767320261437908
72	80	0.318954248366013
73	80	0.830065359477124
74	80	0.402614379084967
75	80	0.470588235294118
76	80	0.309803921568627
77	80	0.325490196078431
78	80	0.715032679738562
79	80	0.309803921568627
1	81	0.845751633986928
2	81	0.338562091503268
3	81	0.86797385620915
4	81	0.954248366013072
5	81	0.515032679738562
6	81	0.881045751633987
7	81	0.752941176470588
8	81	0.843137254901961
9	81	0.841830065359477
10	81	0.389542483660131
11	81	0.861437908496732
12	81	0.36078431372549
13	81	0.554248366013072
14	81	0.74640522875817
15	81	0.367320261437908
16	81	0.886274509803922
18	81	0.4
19	81	0.881045751633987
20	81	0.98562091503268
21	81	0.901960784313726
22	81	0.562091503267974
23	81	0.881045751633987
24	81	0.654901960784314
25	81	0.436601307189543
26	81	0.464052287581699
27	81	0.320261437908497
28	81	0.943790849673203
29	81	0.882352941176471
31	81	0.805228758169935
32	81	0.359477124183007
33	81	0.333333333333333
34	81	0.850980392156863
35	81	0.41437908496732
36	81	0.864052287581699
37	81	0.754248366013072
39	81	0.372549019607843
41	81	0.322875816993464
42	81	0.854901960784314
43	81	0.483660130718954
44	81	0.389542483660131
45	81	0.862745098039216
46	81	0.963398692810458
47	81	0.980392156862745
48	81	0.950326797385621
50	81	0.930718954248366
51	81	0.452287581699346
52	81	0.841830065359477
53	81	0.945098039215686
54	81	0.538562091503268
55	81	0.462745098039216
56	81	0.857516339869281
57	81	0.503267973856209
58	81	0.511111111111111
59	81	0.658823529411765
60	81	0.333333333333333
62	81	0.94640522875817
63	81	0.428758169934641
64	81	0.841830065359477
65	81	0.38562091503268
66	81	0.78562091503268
67	81	0.597385620915033
68	81	0.836601307189543
69	81	0.818300653594771
70	81	0.841830065359477
71	81	0.699346405228758
72	81	0.852287581699346
74	81	0.935947712418301
75	81	0.996078431372549
76	81	0.843137254901961
77	81	0.858823529411765
79	81	0.843137254901961
80	81	0.466666666666667
1	82	0.858823529411765
2	82	0.325490196078432
3	82	0.881045751633987
4	82	0.967320261437909
5	82	0.501960784313725
6	82	0.894117647058823
7	82	0.739869281045752
8	82	0.856209150326797
9	82	0.854901960784314
10	82	0.376470588235294
11	82	0.874509803921569
12	82	0.347712418300654
13	82	0.541176470588235
14	82	0.733333333333333
15	82	0.354248366013072
16	82	0.899346405228758
18	82	0.386928104575163
19	82	0.894117647058823
20	82	0.998692810457516
21	82	0.915032679738562
22	82	0.549019607843137
23	82	0.894117647058823
24	82	0.641830065359477
25	82	0.423529411764706
26	82	0.450980392156863
27	82	0.30718954248366
28	82	0.956862745098039
29	82	0.895424836601307
31	82	0.792156862745098
32	82	0.34640522875817
33	82	0.320261437908497
34	82	0.864052287581699
35	82	0.401307189542484
36	82	0.877124183006536
37	82	0.741176470588235
39	82	0.359477124183007
41	82	0.309803921568627
42	82	0.86797385620915
43	82	0.470588235294118
44	82	0.376470588235294
45	82	0.875816993464052
46	82	0.950326797385621
47	82	0.993464052287582
48	82	0.937254901960784
50	82	0.943790849673203
51	82	0.43921568627451
52	82	0.854901960784314
53	82	0.958169934640523
54	82	0.525490196078431
55	82	0.449673202614379
56	82	0.870588235294118
57	82	0.490196078431373
58	82	0.498039215686275
59	82	0.645751633986928
60	82	0.320261437908497
62	82	0.933333333333333
63	82	0.415686274509804
64	82	0.854901960784314
65	82	0.372549019607843
66	82	0.772549019607843
67	82	0.584313725490196
68	82	0.849673202614379
69	82	0.831372549019608
70	82	0.854901960784314
71	82	0.686274509803922
72	82	0.865359477124183
74	82	0.949019607843137
75	82	0.983006535947712
76	82	0.856209150326797
77	82	0.871895424836601
79	82	0.856209150326797
80	82	0.45359477124183
81	82	0.986928104575163
2	83	0.97124183006536
4	83	0.32156862745098
5	83	0.852287581699346
7	83	0.61437908496732
10	83	0.977777777777778
12	83	0.993464052287582
13	83	0.813071895424837
14	83	0.620915032679739
15	83	1
17	83	0.888888888888889
18	83	0.967320261437909
20	83	0.352941176470588
22	83	0.805228758169935
24	83	0.712418300653595
25	83	0.930718954248366
26	83	0.903267973856209
27	83	0.952941176470588
28	83	0.311111111111111
30	83	0.873202614379085
31	83	0.562091503267974
32	83	0.992156862745098
33	83	0.966013071895425
35	83	0.952941176470588
37	83	0.613071895424837
38	83	0.894117647058824
39	83	0.994771241830065
40	83	0.886274509803922
41	83	0.955555555555556
43	83	0.883660130718954
44	83	0.977777777777778
46	83	0.403921568627451
47	83	0.347712418300654
48	83	0.416993464052288
49	83	0.909803921568628
51	83	0.915032679738562
53	83	0.312418300653595
54	83	0.82875816993464
55	83	0.904575163398693
57	83	0.864052287581699
58	83	0.856209150326797
59	83	0.708496732026144
60	83	0.966013071895425
61	83	0.884967320261438
62	83	0.420915032679739
63	83	0.938562091503268
65	83	0.981699346405229
66	83	0.581699346405229
67	83	0.769934640522876
71	83	0.66797385620915
73	83	0.929411764705882
74	83	0.303267973856209
75	83	0.371241830065359
78	83	0.81437908496732
80	83	0.900653594771242
81	83	0.367320261437908
82	83	0.354248366013072
1	84	0.308496732026144
2	84	0.875816993464052
3	84	0.330718954248366
4	84	0.416993464052288
5	84	0.947712418300654
6	84	0.343790849673203
7	84	0.709803921568627
8	84	0.305882352941176
9	84	0.304575163398693
10	84	0.926797385620915
11	84	0.324183006535948
12	84	0.898039215686275
13	84	0.908496732026144
14	84	0.716339869281046
15	84	0.904575163398693
16	84	0.349019607843137
17	84	0.793464052287582
18	84	0.937254901960784
19	84	0.343790849673203
20	84	0.448366013071895
21	84	0.364705882352941
22	84	0.900653594771242
23	84	0.343790849673203
24	84	0.807843137254902
25	84	0.973856209150327
26	84	0.998692810457516
27	84	0.857516339869281
28	84	0.406535947712418
29	84	0.345098039215686
30	84	0.777777777777778
31	84	0.657516339869281
32	84	0.896732026143791
33	84	0.870588235294118
34	84	0.313725490196078
35	84	0.951633986928105
36	84	0.326797385620915
37	84	0.708496732026144
38	84	0.798692810457516
39	84	0.909803921568628
40	84	0.790849673202614
41	84	0.860130718954248
42	84	0.31764705882353
43	84	0.979084967320261
44	84	0.926797385620915
45	84	0.325490196078431
46	84	0.499346405228758
47	84	0.443137254901961
48	84	0.512418300653595
49	84	0.81437908496732
50	84	0.393464052287582
51	84	0.989542483660131
52	84	0.304575163398693
53	84	0.407843137254902
54	84	0.924183006535948
55	84	1
56	84	0.320261437908497
57	84	0.959477124183006
58	84	0.951633986928104
59	84	0.803921568627451
60	84	0.870588235294118
61	84	0.789542483660131
62	84	0.516339869281046
63	84	0.966013071895425
64	84	0.304575163398693
65	84	0.922875816993464
66	84	0.677124183006536
67	84	0.865359477124183
70	84	0.304575163398693
71	84	0.763398692810457
72	84	0.315032679738562
73	84	0.833986928104575
74	84	0.398692810457516
75	84	0.466666666666667
76	84	0.305882352941176
77	84	0.32156862745098
78	84	0.718954248366013
79	84	0.305882352941176
80	84	0.996078431372549
81	84	0.462745098039216
82	84	0.449673202614379
83	84	0.904575163398693
1	85	0.32156862745098
2	85	0.862745098039216
3	85	0.343790849673203
4	85	0.430065359477124
5	85	0.96078431372549
6	85	0.356862745098039
7	85	0.722875816993464
8	85	0.318954248366013
9	85	0.317647058823529
10	85	0.913725490196078
11	85	0.337254901960784
12	85	0.884967320261438
13	85	0.92156862745098
14	85	0.729411764705882
15	85	0.891503267973856
16	85	0.362091503267974
17	85	0.780392156862745
18	85	0.924183006535948
19	85	0.356862745098039
20	85	0.461437908496732
21	85	0.377777777777778
22	85	0.913725490196078
23	85	0.356862745098039
24	85	0.820915032679738
25	85	0.96078431372549
26	85	0.988235294117647
27	85	0.844444444444445
28	85	0.419607843137255
29	85	0.358169934640523
30	85	0.764705882352941
31	85	0.670588235294118
32	85	0.883660130718954
33	85	0.857516339869281
34	85	0.326797385620915
35	85	0.938562091503268
36	85	0.339869281045752
37	85	0.72156862745098
38	85	0.78562091503268
39	85	0.896732026143791
40	85	0.777777777777778
41	85	0.847058823529412
42	85	0.330718954248366
43	85	0.992156862745098
44	85	0.913725490196078
45	85	0.338562091503268
46	85	0.512418300653595
47	85	0.456209150326797
48	85	0.525490196078431
49	85	0.801307189542484
50	85	0.406535947712418
51	85	0.976470588235294
52	85	0.317647058823529
53	85	0.420915032679739
54	85	0.937254901960784
55	85	0.986928104575163
56	85	0.333333333333333
57	85	0.972549019607843
58	85	0.964705882352941
59	85	0.816993464052288
60	85	0.857516339869281
61	85	0.776470588235294
62	85	0.529411764705882
63	85	0.952941176470588
64	85	0.317647058823529
65	85	0.909803921568628
66	85	0.690196078431373
67	85	0.87843137254902
68	85	0.312418300653595
70	85	0.317647058823529
71	85	0.776470588235294
72	85	0.328104575163399
73	85	0.820915032679739
74	85	0.411764705882353
75	85	0.479738562091503
76	85	0.318954248366013
77	85	0.334640522875817
78	85	0.705882352941176
79	85	0.318954248366013
80	85	0.990849673202614
81	85	0.475816993464052
82	85	0.462745098039216
83	85	0.891503267973856
84	85	0.986928104575163
2	86	0.895424836601307
5	86	0.718954248366013
7	86	0.481045751633987
10	86	0.844444444444445
12	86	0.873202614379085
13	86	0.679738562091503
14	86	0.487581699346405
15	86	0.866666666666667
17	86	0.977777777777778
18	86	0.833986928104575
22	86	0.671895424836601
24	86	0.579084967320261
25	86	0.797385620915033
26	86	0.769934640522876
27	86	0.913725490196078
30	86	0.993464052287582
31	86	0.428758169934641
32	86	0.874509803921569
33	86	0.900653594771242
35	86	0.819607843137255
37	86	0.479738562091503
38	86	0.972549019607843
39	86	0.861437908496732
40	86	0.980392156862745
41	86	0.911111111111111
43	86	0.750326797385621
44	86	0.844444444444445
49	86	0.956862745098039
51	86	0.781699346405229
54	86	0.695424836601307
55	86	0.77124183006536
57	86	0.730718954248366
58	86	0.722875816993464
59	86	0.57516339869281
60	86	0.900653594771242
61	86	0.981699346405229
63	86	0.805228758169935
65	86	0.848366013071895
66	86	0.448366013071895
67	86	0.636601307189543
71	86	0.534640522875817
73	86	0.937254901960784
78	86	0.947712418300654
80	86	0.767320261437909
83	86	0.866666666666667
84	86	0.77124183006536
85	86	0.758169934640523
2	87	0.951633986928104
5	87	0.77516339869281
7	87	0.537254901960784
10	87	0.900653594771242
12	87	0.929411764705882
13	87	0.735947712418301
14	87	0.543790849673203
15	87	0.922875816993464
17	87	0.966013071895425
18	87	0.890196078431373
22	87	0.728104575163399
24	87	0.635294117647059
25	87	0.85359477124183
26	87	0.826143790849673
27	87	0.969934640522876
30	87	0.950326797385621
31	87	0.484967320261438
32	87	0.930718954248366
33	87	0.956862745098039
35	87	0.875816993464052
37	87	0.535947712418301
38	87	0.97124183006536
39	87	0.917647058823529
40	87	0.963398692810458
41	87	0.967320261437909
43	87	0.806535947712418
44	87	0.900653594771242
46	87	0.326797385620915
48	87	0.339869281045752
49	87	0.986928104575163
51	87	0.837908496732026
54	87	0.751633986928105
55	87	0.827450980392157
57	87	0.786928104575163
58	87	0.779084967320261
59	87	0.631372549019608
60	87	0.956862745098039
61	87	0.962091503267974
62	87	0.343790849673203
63	87	0.861437908496732
65	87	0.904575163398693
66	87	0.504575163398693
67	87	0.69281045751634
71	87	0.590849673202614
73	87	0.993464052287582
78	87	0.891503267973856
80	87	0.823529411764706
83	87	0.922875816993464
84	87	0.827450980392157
85	87	0.81437908496732
86	87	0.943790849673203
1	88	0.864052287581699
2	88	0.320261437908497
3	88	0.886274509803922
4	88	0.972549019607843
5	88	0.496732026143791
6	88	0.899346405228758
7	88	0.734640522875817
8	88	0.861437908496732
9	88	0.860130718954248
10	88	0.371241830065359
11	88	0.879738562091503
12	88	0.342483660130719
13	88	0.535947712418301
14	88	0.728104575163399
15	88	0.349019607843137
16	88	0.904575163398693
18	88	0.381699346405229
19	88	0.899346405228758
20	88	0.996078431372549
21	88	0.920261437908497
22	88	0.543790849673203
23	88	0.899346405228758
24	88	0.636601307189543
25	88	0.418300653594771
26	88	0.445751633986928
27	88	0.301960784313726
28	88	0.962091503267974
29	88	0.900653594771242
31	88	0.786928104575163
32	88	0.341176470588235
33	88	0.315032679738562
34	88	0.869281045751634
35	88	0.396078431372549
36	88	0.882352941176471
37	88	0.735947712418301
39	88	0.354248366013072
41	88	0.304575163398693
42	88	0.873202614379085
43	88	0.465359477124183
44	88	0.371241830065359
45	88	0.881045751633987
46	88	0.945098039215686
47	88	0.998692810457516
48	88	0.93202614379085
50	88	0.949019607843137
51	88	0.433986928104575
52	88	0.860130718954248
53	88	0.963398692810458
54	88	0.520261437908497
55	88	0.444444444444444
56	88	0.875816993464052
57	88	0.484967320261438
58	88	0.49281045751634
59	88	0.640522875816993
60	88	0.315032679738562
62	88	0.928104575163399
63	88	0.410457516339869
64	88	0.860130718954248
65	88	0.367320261437909
66	88	0.767320261437908
67	88	0.579084967320261
68	88	0.854901960784314
69	88	0.836601307189543
70	88	0.860130718954248
71	88	0.681045751633987
72	88	0.870588235294118
74	88	0.954248366013072
75	88	0.977777777777778
76	88	0.861437908496732
77	88	0.877124183006536
79	88	0.861437908496732
80	88	0.448366013071895
81	88	0.981699346405229
82	88	0.994771241830065
83	88	0.349019607843137
84	88	0.444444444444444
85	88	0.457516339869281
1	89	0.784313725490196
2	89	0.4
3	89	0.806535947712418
4	89	0.89281045751634
5	89	0.576470588235294
6	89	0.819607843137255
7	89	0.81437908496732
8	89	0.781699346405229
9	89	0.780392156862745
10	89	0.450980392156863
11	89	0.8
12	89	0.422222222222222
13	89	0.615686274509804
14	89	0.807843137254902
15	89	0.42875816993464
16	89	0.82483660130719
17	89	0.317647058823529
18	89	0.461437908496732
19	89	0.819607843137255
20	89	0.924183006535948
21	89	0.840522875816993
22	89	0.623529411764706
23	89	0.819607843137255
24	89	0.716339869281046
25	89	0.498039215686275
26	89	0.525490196078431
27	89	0.381699346405229
28	89	0.882352941176471
29	89	0.820915032679739
30	89	0.301960784313726
31	89	0.866666666666667
32	89	0.420915032679739
33	89	0.394771241830065
34	89	0.789542483660131
35	89	0.475816993464052
36	89	0.802614379084967
37	89	0.815686274509804
38	89	0.322875816993464
39	89	0.433986928104575
40	89	0.315032679738562
41	89	0.384313725490196
42	89	0.793464052287582
43	89	0.545098039215686
44	89	0.450980392156863
45	89	0.801307189542484
46	89	0.975163398692811
47	89	0.918954248366013
48	89	0.988235294117647
49	89	0.338562091503268
50	89	0.869281045751634
51	89	0.513725490196078
52	89	0.780392156862745
53	89	0.883660130718954
54	89	0.6
55	89	0.524183006535948
56	89	0.796078431372549
57	89	0.564705882352941
58	89	0.572549019607843
59	89	0.720261437908497
60	89	0.394771241830065
61	89	0.313725490196078
62	89	0.992156862745098
63	89	0.490196078431372
64	89	0.780392156862745
65	89	0.447058823529412
66	89	0.847058823529412
67	89	0.658823529411765
68	89	0.77516339869281
69	89	0.756862745098039
70	89	0.780392156862745
71	89	0.76078431372549
72	89	0.790849673202614
73	89	0.358169934640523
74	89	0.874509803921569
75	89	0.942483660130719
76	89	0.781699346405229
77	89	0.797385620915033
79	89	0.781699346405229
80	89	0.528104575163399
81	89	0.938562091503268
82	89	0.925490196078431
83	89	0.42875816993464
84	89	0.524183006535948
85	89	0.537254901960784
87	89	0.351633986928105
88	89	0.920261437908497
1	90	0.311111111111111
2	90	0.873202614379085
3	90	0.333333333333333
4	90	0.419607843137255
5	90	0.950326797385621
6	90	0.34640522875817
7	90	0.712418300653595
8	90	0.308496732026144
9	90	0.30718954248366
10	90	0.924183006535948
11	90	0.326797385620915
12	90	0.895424836601307
13	90	0.911111111111111
14	90	0.718954248366013
15	90	0.901960784313726
16	90	0.351633986928105
17	90	0.790849673202614
18	90	0.934640522875817
19	90	0.34640522875817
20	90	0.450980392156863
21	90	0.367320261437908
22	90	0.903267973856209
23	90	0.34640522875817
24	90	0.810457516339869
25	90	0.97124183006536
26	90	0.998692810457516
27	90	0.854901960784314
28	90	0.409150326797386
29	90	0.347712418300654
30	90	0.775163398692811
31	90	0.660130718954248
32	90	0.894117647058824
33	90	0.86797385620915
34	90	0.316339869281046
35	90	0.949019607843137
36	90	0.329411764705882
37	90	0.711111111111111
38	90	0.796078431372549
39	90	0.90718954248366
40	90	0.788235294117647
41	90	0.857516339869281
42	90	0.320261437908497
43	90	0.981699346405229
44	90	0.924183006535948
45	90	0.328104575163399
46	90	0.501960784313725
47	90	0.445751633986928
48	90	0.515032679738562
49	90	0.811764705882353
50	90	0.396078431372549
51	90	0.986928104575163
52	90	0.30718954248366
53	90	0.410457516339869
54	90	0.926797385620915
55	90	0.997385620915033
56	90	0.322875816993464
57	90	0.962091503267974
58	90	0.954248366013072
59	90	0.806535947712418
60	90	0.86797385620915
61	90	0.786928104575163
62	90	0.518954248366013
63	90	0.963398692810458
64	90	0.30718954248366
65	90	0.920261437908497
66	90	0.679738562091503
67	90	0.86797385620915
68	90	0.301960784313725
70	90	0.30718954248366
71	90	0.766013071895425
72	90	0.317647058823529
73	90	0.831372549019608
74	90	0.401307189542484
75	90	0.469281045751634
76	90	0.308496732026144
77	90	0.324183006535948
78	90	0.716339869281046
79	90	0.308496732026144
80	90	0.998692810457516
81	90	0.465359477124183
82	90	0.452287581699346
83	90	0.901960784313726
84	90	0.997385620915033
85	90	0.989542483660131
86	90	0.768627450980392
87	90	0.82483660130719
88	90	0.447058823529412
89	90	0.526797385620915
2	91	0.952941176470588
5	91	0.776470588235294
7	91	0.538562091503268
10	91	0.901960784313726
12	91	0.930718954248366
13	91	0.737254901960784
14	91	0.545098039215686
15	91	0.924183006535948
17	91	0.964705882352941
18	91	0.891503267973856
22	91	0.729411764705882
24	91	0.636601307189542
25	91	0.854901960784314
26	91	0.827450980392157
27	91	0.971241830065359
30	91	0.949019607843137
31	91	0.486274509803922
32	91	0.932026143790849
33	91	0.958169934640523
35	91	0.877124183006536
37	91	0.537254901960784
38	91	0.969934640522876
39	91	0.918954248366013
40	91	0.962091503267974
41	91	0.968627450980392
43	91	0.807843137254902
44	91	0.901960784313726
46	91	0.328104575163399
48	91	0.341176470588235
49	91	0.98562091503268
51	91	0.83921568627451
54	91	0.752941176470588
55	91	0.82875816993464
57	91	0.788235294117647
58	91	0.780392156862745
59	91	0.632679738562091
60	91	0.958169934640523
61	91	0.96078431372549
62	91	0.345098039215686
63	91	0.862745098039216
65	91	0.905882352941176
66	91	0.505882352941176
67	91	0.694117647058824
71	91	0.592156862745098
73	91	0.994771241830065
78	91	0.890196078431373
80	91	0.82483660130719
83	91	0.924183006535948
84	91	0.82875816993464
85	91	0.815686274509804
86	91	0.942483660130719
87	91	0.998692810457516
89	91	0.352941176470588
90	91	0.826143790849673
1	92	0.643137254901961
2	92	0.541176470588235
3	92	0.665359477124183
4	92	0.751633986928105
5	92	0.717647058823529
6	92	0.67843137254902
7	92	0.955555555555555
8	92	0.640522875816993
9	92	0.63921568627451
10	92	0.592156862745098
11	92	0.658823529411765
12	92	0.563398692810458
13	92	0.756862745098039
14	92	0.949019607843137
15	92	0.569934640522876
16	92	0.683660130718954
17	92	0.458823529411765
18	92	0.602614379084967
19	92	0.67843137254902
20	92	0.783006535947713
21	92	0.699346405228758
22	92	0.764705882352941
23	92	0.67843137254902
24	92	0.857516339869281
25	92	0.63921568627451
26	92	0.666666666666667
27	92	0.522875816993464
28	92	0.741176470588235
29	92	0.679738562091503
30	92	0.443137254901961
31	92	0.992156862745098
32	92	0.562091503267974
33	92	0.535947712418301
34	92	0.648366013071896
35	92	0.616993464052288
36	92	0.661437908496732
37	92	0.956862745098039
38	92	0.464052287581699
39	92	0.57516339869281
40	92	0.456209150326797
41	92	0.525490196078431
42	92	0.652287581699347
43	92	0.686274509803922
44	92	0.592156862745098
45	92	0.660130718954248
46	92	0.833986928104575
47	92	0.777777777777778
48	92	0.847058823529412
49	92	0.479738562091503
50	92	0.728104575163399
51	92	0.654901960784314
52	92	0.63921568627451
53	92	0.742483660130719
54	92	0.741176470588235
55	92	0.665359477124183
56	92	0.654901960784314
57	92	0.705882352941176
58	92	0.713725490196079
59	92	0.861437908496732
60	92	0.535947712418301
61	92	0.454901960784314
62	92	0.850980392156863
63	92	0.631372549019608
64	92	0.63921568627451
65	92	0.588235294117647
66	92	0.988235294117647
67	92	0.8
68	92	0.633986928104575
69	92	0.615686274509804
70	92	0.63921568627451
71	92	0.901960784313726
72	92	0.649673202614379
73	92	0.499346405228758
74	92	0.733333333333333
75	92	0.801307189542484
76	92	0.640522875816993
77	92	0.656209150326797
78	92	0.384313725490196
79	92	0.640522875816993
80	92	0.669281045751634
81	92	0.797385620915033
82	92	0.784313725490196
83	92	0.569934640522876
84	92	0.665359477124183
85	92	0.67843137254902
86	92	0.436601307189542
87	92	0.49281045751634
88	92	0.779084967320262
89	92	0.858823529411765
90	92	0.66797385620915
91	92	0.494117647058823
2	93	0.901960784313726
5	93	0.725490196078431
7	93	0.487581699346405
10	93	0.850980392156863
12	93	0.879738562091503
13	93	0.686274509803922
14	93	0.494117647058824
15	93	0.873202614379085
17	93	0.984313725490196
18	93	0.840522875816994
22	93	0.67843137254902
24	93	0.58562091503268
25	93	0.803921568627451
26	93	0.776470588235294
27	93	0.920261437908497
30	93	1
31	93	0.435294117647059
32	93	0.881045751633987
33	93	0.90718954248366
35	93	0.826143790849673
37	93	0.486274509803922
38	93	0.979084967320261
39	93	0.86797385620915
40	93	0.986928104575163
41	93	0.91764705882353
43	93	0.756862745098039
44	93	0.850980392156863
49	93	0.963398692810458
51	93	0.788235294117647
54	93	0.701960784313726
55	93	0.777777777777778
57	93	0.737254901960784
58	93	0.729411764705882
59	93	0.581699346405229
60	93	0.90718954248366
61	93	0.988235294117647
63	93	0.811764705882353
65	93	0.854901960784314
66	93	0.454901960784314
67	93	0.643137254901961
71	93	0.541176470588235
73	93	0.943790849673203
78	93	0.941176470588235
80	93	0.773856209150327
83	93	0.873202614379085
84	93	0.777777777777778
85	93	0.764705882352941
86	93	0.993464052287582
87	93	0.950326797385621
89	93	0.301960784313726
90	93	0.775163398692811
91	93	0.949019607843137
92	93	0.443137254901961
2	94	0.994771241830065
5	94	0.82875816993464
7	94	0.590849673202614
10	94	0.954248366013072
12	94	0.983006535947712
13	94	0.789542483660131
14	94	0.597385620915033
15	94	0.976470588235294
17	94	0.912418300653595
18	94	0.943790849673203
20	94	0.329411764705882
22	94	0.781699346405229
24	94	0.688888888888889
25	94	0.90718954248366
26	94	0.879738562091503
27	94	0.976470588235294
30	94	0.896732026143791
31	94	0.538562091503268
32	94	0.984313725490196
33	94	0.989542483660131
35	94	0.929411764705882
37	94	0.589542483660131
38	94	0.91764705882353
39	94	0.971241830065359
40	94	0.909803921568628
41	94	0.979084967320261
43	94	0.860130718954248
44	94	0.954248366013072
46	94	0.380392156862745
47	94	0.324183006535948
48	94	0.393464052287582
49	94	0.933333333333333
51	94	0.891503267973856
54	94	0.805228758169935
55	94	0.881045751633987
57	94	0.840522875816993
58	94	0.832679738562091
59	94	0.684967320261438
60	94	0.989542483660131
61	94	0.908496732026144
62	94	0.397385620915033
63	94	0.915032679738562
65	94	0.958169934640523
66	94	0.558169934640523
67	94	0.74640522875817
71	94	0.644444444444444
73	94	0.952941176470588
75	94	0.347712418300654
78	94	0.837908496732026
80	94	0.877124183006536
81	94	0.343790849673203
82	94	0.330718954248366
83	94	0.976470588235294
84	94	0.881045751633987
85	94	0.86797385620915
86	94	0.890196078431373
87	94	0.94640522875817
88	94	0.325490196078431
89	94	0.405228758169935
90	94	0.87843137254902
91	94	0.947712418300654
92	94	0.54640522875817
93	94	0.896732026143791
1	95	0.393464052287582
2	95	0.790849673202614
3	95	0.415686274509804
4	95	0.501960784313725
5	95	0.967320261437909
6	95	0.428758169934641
7	95	0.794771241830065
8	95	0.390849673202614
9	95	0.389542483660131
10	95	0.841830065359477
11	95	0.409150326797386
12	95	0.813071895424837
13	95	0.993464052287582
14	95	0.801307189542484
15	95	0.819607843137255
16	95	0.433986928104575
17	95	0.708496732026144
18	95	0.852287581699346
19	95	0.428758169934641
20	95	0.533333333333333
21	95	0.449673202614379
22	95	0.98562091503268
23	95	0.428758169934641
24	95	0.89281045751634
25	95	0.888888888888889
26	95	0.916339869281046
27	95	0.772549019607843
28	95	0.491503267973856
29	95	0.430065359477124
30	95	0.69281045751634
31	95	0.742483660130719
32	95	0.811764705882353
33	95	0.78562091503268
34	95	0.398692810457516
35	95	0.866666666666667
36	95	0.411764705882353
37	95	0.793464052287582
38	95	0.713725490196079
39	95	0.82483660130719
40	95	0.705882352941176
41	95	0.77516339869281
42	95	0.402614379084967
43	95	0.935947712418301
44	95	0.841830065359477
45	95	0.410457516339869
46	95	0.584313725490196
47	95	0.528104575163399
48	95	0.597385620915033
49	95	0.729411764705882
50	95	0.47843137254902
51	95	0.904575163398693
52	95	0.389542483660131
53	95	0.49281045751634
54	95	0.990849673202614
55	95	0.915032679738562
56	95	0.405228758169935
57	95	0.955555555555556
58	95	0.963398692810458
59	95	0.888888888888889
60	95	0.78562091503268
61	95	0.704575163398693
62	95	0.601307189542484
63	95	0.881045751633987
64	95	0.389542483660131
65	95	0.837908496732026
66	95	0.762091503267974
67	95	0.950326797385621
68	95	0.384313725490196
69	95	0.366013071895425
70	95	0.389542483660131
71	95	0.848366013071895
72	95	0.4
73	95	0.749019607843137
74	95	0.483660130718954
75	95	0.551633986928105
76	95	0.390849673202614
77	95	0.406535947712418
78	95	0.633986928104575
79	95	0.390849673202614
80	95	0.918954248366013
81	95	0.547712418300654
82	95	0.534640522875817
83	95	0.819607843137255
84	95	0.915032679738562
85	95	0.928104575163399
86	95	0.686274509803922
87	95	0.742483660130719
88	95	0.529411764705882
89	95	0.609150326797386
90	95	0.917647058823529
91	95	0.743790849673203
92	95	0.750326797385621
93	95	0.69281045751634
94	95	0.796078431372549
1	96	0.426143790849673
2	96	0.758169934640523
3	96	0.448366013071895
4	96	0.534640522875817
5	96	0.934640522875817
6	96	0.461437908496732
7	96	0.827450980392157
8	96	0.423529411764706
9	96	0.422222222222222
10	96	0.809150326797386
11	96	0.441830065359477
12	96	0.780392156862745
13	96	0.973856209150327
14	96	0.833986928104575
15	96	0.786928104575163
16	96	0.466666666666667
17	96	0.675816993464052
18	96	0.819607843137255
19	96	0.461437908496732
20	96	0.566013071895425
21	96	0.482352941176471
22	96	0.981699346405229
23	96	0.461437908496732
24	96	0.925490196078431
25	96	0.856209150326797
26	96	0.883660130718954
27	96	0.739869281045752
28	96	0.524183006535948
29	96	0.462745098039216
30	96	0.660130718954248
31	96	0.77516339869281
32	96	0.779084967320262
33	96	0.752941176470588
34	96	0.431372549019608
35	96	0.833986928104575
36	96	0.444444444444444
37	96	0.826143790849673
38	96	0.681045751633987
39	96	0.792156862745098
40	96	0.673202614379085
41	96	0.742483660130719
42	96	0.435294117647059
43	96	0.903267973856209
44	96	0.809150326797386
45	96	0.443137254901961
46	96	0.616993464052288
47	96	0.56078431372549
48	96	0.630065359477124
49	96	0.696732026143791
50	96	0.511111111111111
51	96	0.871895424836601
52	96	0.422222222222222
53	96	0.525490196078431
54	96	0.958169934640523
55	96	0.882352941176471
56	96	0.437908496732026
57	96	0.922875816993464
58	96	0.930718954248366
59	96	0.92156862745098
60	96	0.752941176470588
61	96	0.671895424836601
62	96	0.633986928104575
63	96	0.848366013071895
64	96	0.422222222222222
65	96	0.805228758169935
66	96	0.794771241830065
67	96	0.983006535947713
68	96	0.416993464052288
69	96	0.398692810457516
70	96	0.422222222222222
71	96	0.881045751633987
72	96	0.432679738562092
73	96	0.716339869281046
74	96	0.516339869281046
75	96	0.584313725490196
76	96	0.423529411764706
77	96	0.43921568627451
78	96	0.601307189542484
79	96	0.423529411764706
80	96	0.886274509803921
81	96	0.580392156862745
82	96	0.567320261437909
83	96	0.786928104575163
84	96	0.882352941176471
85	96	0.895424836601307
86	96	0.65359477124183
87	96	0.709803921568627
88	96	0.562091503267974
89	96	0.641830065359477
90	96	0.884967320261438
91	96	0.711111111111111
92	96	0.783006535947712
93	96	0.660130718954248
94	96	0.763398692810457
95	96	0.967320261437909
2	97	0.941176470588235
4	97	0.351633986928105
5	97	0.882352941176471
7	97	0.644444444444444
10	97	0.992156862745098
12	97	0.963398692810458
13	97	0.843137254901961
14	97	0.650980392156863
15	97	0.969934640522876
17	97	0.858823529411765
18	97	0.997385620915033
20	97	0.383006535947713
22	97	0.835294117647059
24	97	0.742483660130719
25	97	0.96078431372549
26	97	0.933333333333333
27	97	0.922875816993464
28	97	0.341176470588235
30	97	0.843137254901961
31	97	0.592156862745098
32	97	0.962091503267974
33	97	0.935947712418301
35	97	0.983006535947712
37	97	0.643137254901961
38	97	0.864052287581699
39	97	0.975163398692811
40	97	0.856209150326797
41	97	0.925490196078431
43	97	0.913725490196078
44	97	0.992156862745098
46	97	0.433986928104575
47	97	0.377777777777778
48	97	0.447058823529412
49	97	0.879738562091503
50	97	0.328104575163399
51	97	0.945098039215686
53	97	0.342483660130719
54	97	0.858823529411765
55	97	0.934640522875817
57	97	0.894117647058823
58	97	0.886274509803921
59	97	0.738562091503268
60	97	0.935947712418301
61	97	0.854901960784314
62	97	0.450980392156863
63	97	0.968627450980392
65	97	0.988235294117647
66	97	0.611764705882353
67	97	0.8
71	97	0.698039215686274
73	97	0.899346405228758
74	97	0.333333333333333
75	97	0.401307189542484
78	97	0.784313725490196
80	97	0.930718954248366
81	97	0.397385620915033
82	97	0.384313725490196
83	97	0.969934640522876
84	97	0.934640522875817
85	97	0.92156862745098
86	97	0.836601307189543
87	97	0.89281045751634
88	97	0.379084967320261
89	97	0.458823529411765
90	97	0.93202614379085
91	97	0.894117647058823
92	97	0.6
93	97	0.843137254901961
94	97	0.94640522875817
95	97	0.849673202614379
96	97	0.816993464052288
1	98	0.333333333333333
2	98	0.850980392156863
3	98	0.355555555555556
4	98	0.441830065359477
5	98	0.972549019607843
6	98	0.368627450980392
7	98	0.734640522875817
8	98	0.330718954248366
9	98	0.329411764705882
10	98	0.901960784313726
11	98	0.349019607843137
12	98	0.873202614379085
13	98	0.933333333333333
14	98	0.741176470588235
15	98	0.879738562091503
16	98	0.373856209150327
17	98	0.768627450980392
18	98	0.912418300653595
19	98	0.368627450980392
20	98	0.473202614379085
21	98	0.389542483660131
22	98	0.925490196078431
23	98	0.368627450980392
24	98	0.832679738562091
25	98	0.949019607843137
26	98	0.976470588235294
27	98	0.832679738562092
28	98	0.431372549019608
29	98	0.369934640522876
30	98	0.752941176470588
31	98	0.682352941176471
32	98	0.871895424836602
33	98	0.845751633986928
34	98	0.338562091503268
35	98	0.926797385620915
36	98	0.351633986928105
37	98	0.733333333333333
38	98	0.773856209150327
39	98	0.884967320261438
40	98	0.766013071895425
41	98	0.835294117647059
42	98	0.342483660130719
43	98	0.996078431372549
44	98	0.901960784313726
45	98	0.350326797385621
46	98	0.524183006535948
47	98	0.46797385620915
48	98	0.537254901960784
49	98	0.789542483660131
50	98	0.418300653594771
51	98	0.964705882352941
52	98	0.329411764705882
53	98	0.432679738562091
54	98	0.949019607843137
55	98	0.975163398692811
56	98	0.345098039215686
57	98	0.984313725490196
58	98	0.976470588235294
59	98	0.82875816993464
60	98	0.845751633986928
61	98	0.764705882352941
62	98	0.541176470588235
63	98	0.941176470588235
64	98	0.329411764705882
65	98	0.898039215686275
66	98	0.701960784313725
67	98	0.890196078431373
68	98	0.324183006535948
69	98	0.305882352941176
70	98	0.329411764705882
71	98	0.788235294117647
72	98	0.339869281045752
73	98	0.809150326797386
74	98	0.423529411764706
75	98	0.491503267973856
76	98	0.330718954248366
77	98	0.34640522875817
78	98	0.694117647058824
79	98	0.330718954248366
80	98	0.979084967320261
81	98	0.487581699346405
82	98	0.474509803921569
83	98	0.879738562091503
84	98	0.975163398692811
85	98	0.988235294117647
86	98	0.74640522875817
87	98	0.802614379084967
88	98	0.469281045751634
89	98	0.549019607843137
90	98	0.977777777777778
91	98	0.803921568627451
92	98	0.690196078431372
93	98	0.752941176470588
94	98	0.856209150326797
95	98	0.939869281045752
96	98	0.90718954248366
97	98	0.909803921568628
1	99	0.413071895424837
2	99	0.77124183006536
3	99	0.435294117647059
4	99	0.521568627450981
5	99	0.947712418300654
6	99	0.448366013071895
7	99	0.81437908496732
8	99	0.410457516339869
9	99	0.409150326797386
10	99	0.822222222222222
11	99	0.428758169934641
12	99	0.793464052287582
13	99	0.986928104575163
14	99	0.820915032679739
15	99	0.8
16	99	0.45359477124183
17	99	0.688888888888889
18	99	0.832679738562091
19	99	0.448366013071895
20	99	0.552941176470588
21	99	0.469281045751634
22	99	0.994771241830065
23	99	0.448366013071895
24	99	0.912418300653595
25	99	0.869281045751634
26	99	0.896732026143791
27	99	0.752941176470588
28	99	0.511111111111111
29	99	0.449673202614379
30	99	0.673202614379085
31	99	0.762091503267974
32	99	0.792156862745098
33	99	0.766013071895425
34	99	0.418300653594771
35	99	0.847058823529412
36	99	0.431372549019608
37	99	0.813071895424837
38	99	0.694117647058824
39	99	0.805228758169935
40	99	0.686274509803922
41	99	0.755555555555555
42	99	0.422222222222222
43	99	0.916339869281046
44	99	0.822222222222222
45	99	0.430065359477124
46	99	0.603921568627451
47	99	0.547712418300654
48	99	0.616993464052288
49	99	0.709803921568627
50	99	0.498039215686275
51	99	0.884967320261438
52	99	0.409150326797386
53	99	0.512418300653595
54	99	0.971241830065359
55	99	0.895424836601307
56	99	0.42483660130719
57	99	0.935947712418301
58	99	0.943790849673203
59	99	0.908496732026144
60	99	0.766013071895425
61	99	0.684967320261438
62	99	0.620915032679739
63	99	0.861437908496732
64	99	0.409150326797386
65	99	0.818300653594771
66	99	0.781699346405229
67	99	0.969934640522876
68	99	0.403921568627451
69	99	0.38562091503268
70	99	0.409150326797386
71	99	0.86797385620915
72	99	0.419607843137255
73	99	0.729411764705882
74	99	0.503267973856209
75	99	0.57124183006536
76	99	0.410457516339869
77	99	0.426143790849673
78	99	0.61437908496732
79	99	0.410457516339869
80	99	0.899346405228758
81	99	0.567320261437909
82	99	0.554248366013072
83	99	0.8
84	99	0.895424836601307
85	99	0.908496732026144
86	99	0.666666666666667
87	99	0.722875816993464
88	99	0.549019607843137
89	99	0.628758169934641
90	99	0.898039215686274
91	99	0.724183006535948
92	99	0.769934640522876
93	99	0.673202614379085
94	99	0.776470588235294
95	99	0.980392156862745
96	99	0.986928104575163
97	99	0.830065359477124
98	99	0.920261437908497
1	100	0.971241830065359
3	100	0.993464052287582
4	100	0.920261437908497
5	100	0.389542483660131
6	100	0.993464052287582
7	100	0.627450980392157
8	100	0.968627450980392
9	100	0.967320261437909
11	100	0.986928104575163
13	100	0.42875816993464
14	100	0.620915032679739
16	100	0.988235294117647
19	100	0.993464052287582
20	100	0.888888888888889
21	100	0.972549019607843
22	100	0.436601307189542
23	100	0.993464052287582
24	100	0.529411764705882
25	100	0.311111111111111
26	100	0.338562091503268
28	100	0.930718954248366
29	100	0.992156862745098
31	100	0.679738562091503
34	100	0.976470588235294
36	100	0.989542483660131
37	100	0.628758169934641
42	100	0.980392156862745
43	100	0.358169934640523
45	100	0.988235294117647
46	100	0.837908496732026
47	100	0.894117647058823
48	100	0.82483660130719
50	100	0.943790849673203
51	100	0.326797385620915
52	100	0.967320261437909
53	100	0.929411764705882
54	100	0.413071895424837
55	100	0.337254901960784
56	100	0.983006535947712
57	100	0.377777777777778
58	100	0.38562091503268
59	100	0.533333333333333
62	100	0.820915032679739
63	100	0.303267973856209
64	100	0.967320261437909
66	100	0.660130718954248
67	100	0.471895424836601
68	100	0.962091503267974
69	100	0.943790849673203
70	100	0.967320261437909
71	100	0.573856209150327
72	100	0.977777777777778
74	100	0.938562091503268
75	100	0.870588235294118
76	100	0.968627450980392
77	100	0.984313725490196
79	100	0.968627450980392
80	100	0.341176470588235
81	100	0.874509803921569
82	100	0.887581699346405
84	100	0.337254901960784
85	100	0.350326797385621
88	100	0.89281045751634
89	100	0.813071895424837
90	100	0.339869281045752
92	100	0.671895424836601
95	100	0.422222222222222
96	100	0.454901960784314
98	100	0.362091503267974
99	100	0.441830065359477
1	101	0.928104575163399
3	101	0.950326797385621
4	101	0.963398692810458
5	101	0.432679738562092
6	101	0.963398692810458
7	101	0.670588235294118
8	101	0.925490196078431
9	101	0.924183006535948
10	101	0.30718954248366
11	101	0.943790849673203
13	101	0.471895424836601
14	101	0.664052287581699
16	101	0.968627450980392
18	101	0.317647058823529
19	101	0.963398692810458
20	101	0.93202614379085
21	101	0.984313725490196
22	101	0.479738562091503
23	101	0.963398692810458
24	101	0.572549019607843
25	101	0.354248366013072
26	101	0.381699346405229
28	101	0.973856209150327
29	101	0.964705882352941
31	101	0.722875816993464
34	101	0.933333333333333
35	101	0.33202614379085
36	101	0.94640522875817
37	101	0.671895424836601
42	101	0.937254901960784
43	101	0.401307189542484
44	101	0.30718954248366
45	101	0.945098039215686
46	101	0.881045751633987
47	101	0.937254901960784
48	101	0.86797385620915
50	101	0.986928104575163
51	101	0.369934640522876
52	101	0.924183006535948
53	101	0.972549019607843
54	101	0.456209150326797
55	101	0.380392156862745
56	101	0.939869281045752
57	101	0.420915032679739
58	101	0.428758169934641
59	101	0.576470588235294
62	101	0.864052287581699
63	101	0.34640522875817
64	101	0.924183006535948
65	101	0.303267973856209
66	101	0.703267973856209
67	101	0.515032679738562
68	101	0.918954248366013
69	101	0.900653594771242
70	101	0.924183006535948
71	101	0.616993464052288
72	101	0.934640522875817
74	101	0.981699346405229
75	101	0.913725490196078
76	101	0.925490196078431
77	101	0.941176470588235
79	101	0.925490196078431
80	101	0.384313725490196
81	101	0.917647058823529
82	101	0.930718954248366
84	101	0.380392156862745
85	101	0.393464052287582
88	101	0.935947712418301
89	101	0.856209150326797
90	101	0.383006535947712
92	101	0.715032679738562
95	101	0.465359477124183
96	101	0.498039215686275
97	101	0.315032679738562
98	101	0.405228758169935
99	101	0.484967320261438
100	101	0.956862745098039
1	102	0.30718954248366
2	102	0.877124183006536
3	102	0.329411764705882
4	102	0.415686274509804
5	102	0.94640522875817
6	102	0.342483660130719
7	102	0.708496732026144
8	102	0.304575163398693
9	102	0.303267973856209
10	102	0.928104575163399
11	102	0.322875816993464
12	102	0.899346405228758
13	102	0.90718954248366
14	102	0.715032679738562
15	102	0.905882352941176
16	102	0.347712418300654
17	102	0.794771241830065
18	102	0.938562091503268
19	102	0.342483660130719
20	102	0.447058823529412
21	102	0.363398692810458
22	102	0.899346405228758
23	102	0.342483660130719
24	102	0.806535947712418
25	102	0.975163398692811
26	102	0.997385620915033
27	102	0.858823529411765
28	102	0.405228758169935
29	102	0.343790849673203
30	102	0.779084967320262
31	102	0.656209150326797
32	102	0.898039215686275
33	102	0.871895424836601
34	102	0.312418300653595
35	102	0.952941176470588
36	102	0.325490196078431
37	102	0.70718954248366
38	102	0.8
39	102	0.911111111111111
40	102	0.792156862745098
41	102	0.861437908496732
42	102	0.316339869281046
43	102	0.977777777777778
44	102	0.928104575163399
45	102	0.324183006535948
46	102	0.498039215686275
47	102	0.441830065359477
48	102	0.511111111111111
49	102	0.815686274509804
50	102	0.392156862745098
51	102	0.990849673202614
52	102	0.303267973856209
53	102	0.406535947712418
54	102	0.922875816993464
55	102	0.998692810457516
56	102	0.318954248366013
57	102	0.958169934640523
58	102	0.950326797385621
59	102	0.802614379084967
60	102	0.871895424836601
61	102	0.790849673202614
62	102	0.515032679738562
63	102	0.967320261437909
64	102	0.303267973856209
65	102	0.924183006535948
66	102	0.675816993464052
67	102	0.864052287581699
70	102	0.303267973856209
71	102	0.762091503267974
72	102	0.313725490196078
73	102	0.835294117647059
74	102	0.397385620915033
75	102	0.465359477124183
76	102	0.304575163398693
77	102	0.320261437908497
78	102	0.720261437908497
79	102	0.304575163398693
80	102	0.994771241830065
81	102	0.461437908496732
82	102	0.448366013071895
83	102	0.905882352941176
84	102	0.998692810457516
85	102	0.98562091503268
86	102	0.772549019607843
87	102	0.82875816993464
88	102	0.443137254901961
89	102	0.522875816993464
90	102	0.996078431372549
91	102	0.830065359477124
92	102	0.664052287581699
93	102	0.779084967320262
94	102	0.882352941176471
95	102	0.913725490196078
96	102	0.881045751633987
97	102	0.935947712418301
98	102	0.973856209150327
99	102	0.894117647058823
100	102	0.335947712418301
101	102	0.379084967320261
2	103	0.894117647058823
5	103	0.717647058823529
7	103	0.479738562091503
10	103	0.843137254901961
12	103	0.871895424836601
13	103	0.67843137254902
14	103	0.486274509803922
15	103	0.865359477124183
17	103	0.976470588235294
18	103	0.832679738562092
22	103	0.670588235294118
24	103	0.577777777777778
25	103	0.796078431372549
26	103	0.768627450980392
27	103	0.912418300653595
30	103	0.992156862745098
31	103	0.427450980392157
32	103	0.873202614379085
33	103	0.899346405228758
35	103	0.818300653594771
37	103	0.47843137254902
38	103	0.971241830065359
39	103	0.860130718954248
40	103	0.979084967320261
41	103	0.909803921568628
43	103	0.749019607843137
44	103	0.843137254901961
49	103	0.955555555555556
51	103	0.780392156862745
54	103	0.694117647058824
55	103	0.769934640522876
57	103	0.729411764705882
58	103	0.72156862745098
59	103	0.573856209150327
60	103	0.899346405228758
61	103	0.980392156862745
63	103	0.803921568627451
65	103	0.847058823529412
66	103	0.447058823529412
67	103	0.635294117647059
71	103	0.533333333333333
73	103	0.935947712418301
78	103	0.949019607843137
80	103	0.766013071895425
83	103	0.865359477124183
84	103	0.769934640522876
85	103	0.756862745098039
86	103	0.998692810457516
87	103	0.942483660130719
90	103	0.767320261437909
91	103	0.941176470588235
92	103	0.435294117647059
93	103	0.992156862745098
94	103	0.888888888888889
95	103	0.684967320261438
96	103	0.652287581699346
97	103	0.835294117647059
98	103	0.745098039215686
99	103	0.665359477124183
102	103	0.77124183006536
