1	2	0.992
1	3	0.938285714285714
2	3	0.946285714285714
1	4	0.974857142857143
2	4	0.982857142857143
3	4	0.963428571428571
1	5	0.964571428571429
2	5	0.972571428571429
3	5	0.973714285714286
4	5	0.989714285714286
1	6	0.972571428571429
2	6	0.980571428571429
3	6	0.965714285714286
4	6	0.997714285714286
5	6	0.992
1	7	0.986285714285714
2	7	0.978285714285714
3	7	0.924571428571429
4	7	0.961142857142857
5	7	0.950857142857143
6	7	0.958857142857143
1	9	0.937142857142857
2	9	0.945142857142857
3	9	0.998857142857143
4	9	0.962285714285714
5	9	0.972571428571429
6	9	0.964571428571429
7	9	0.923428571428571
1	10	0.994285714285714
2	10	0.997714285714286
3	10	0.944
4	10	0.980571428571429
5	10	0.970285714285714
6	10	0.978285714285714
7	10	0.980571428571429
9	10	0.942857142857143
1	11	0.988571428571429
2	11	0.996571428571429
3	11	0.949714285714286
4	11	0.986285714285714
5	11	0.976
6	11	0.984
7	11	0.974857142857143
9	11	0.948571428571429
10	11	0.994285714285714
1	12	0.970285714285714
2	12	0.978285714285714
3	12	0.968
4	12	0.995428571428571
5	12	0.994285714285714
6	12	0.997714285714286
7	12	0.956571428571429
9	12	0.966857142857143
10	12	0.976
11	12	0.981714285714286
1	13	0.941714285714286
2	13	0.949714285714286
3	13	0.996571428571429
4	13	0.966857142857143
5	13	0.977142857142857
6	13	0.969142857142857
7	13	0.928
9	13	0.995428571428571
10	13	0.947428571428571
11	13	0.953142857142857
12	13	0.971428571428571
1	14	0.964571428571429
2	14	0.972571428571429
3	14	0.973714285714286
4	14	0.989714285714286
5	14	1
6	14	0.992
7	14	0.950857142857143
9	14	0.972571428571429
10	14	0.970285714285714
11	14	0.976
12	14	0.994285714285714
13	14	0.977142857142857
1	15	0.941714285714286
2	15	0.949714285714286
3	15	0.996571428571429
4	15	0.966857142857143
5	15	0.977142857142857
6	15	0.969142857142857
7	15	0.928
9	15	0.995428571428571
10	15	0.947428571428571
11	15	0.953142857142857
12	15	0.971428571428571
13	15	1
14	15	0.977142857142857
1	16	0.979428571428571
2	16	0.987428571428572
3	16	0.958857142857143
4	16	0.995428571428571
5	16	0.985142857142857
6	16	0.993142857142857
7	16	0.965714285714286
9	16	0.957714285714286
10	16	0.985142857142857
11	16	0.990857142857143
12	16	0.990857142857143
13	16	0.962285714285714
14	16	0.985142857142857
15	16	0.962285714285714
1	17	0.958857142857143
2	17	0.966857142857143
3	17	0.979428571428571
4	17	0.984
5	17	0.994285714285714
6	17	0.986285714285714
7	17	0.945142857142857
9	17	0.978285714285714
10	17	0.964571428571429
11	17	0.970285714285714
12	17	0.988571428571429
13	17	0.982857142857143
14	17	0.994285714285714
15	17	0.982857142857143
16	17	0.979428571428571
1	18	0.946285714285714
2	18	0.954285714285714
3	18	0.992
4	18	0.971428571428571
5	18	0.981714285714286
6	18	0.973714285714286
7	18	0.932571428571429
9	18	0.990857142857143
10	18	0.952
11	18	0.957714285714286
12	18	0.976
13	18	0.995428571428571
14	18	0.981714285714286
15	18	0.995428571428571
16	18	0.966857142857143
17	18	0.987428571428572
8	19	0.963428571428571
1	20	0.944
2	20	0.952
3	20	0.994285714285714
4	20	0.969142857142857
5	20	0.979428571428571
6	20	0.971428571428571
7	20	0.930285714285714
9	20	0.993142857142857
10	20	0.949714285714286
11	20	0.955428571428571
12	20	0.973714285714286
13	20	0.997714285714286
14	20	0.979428571428571
15	20	0.997714285714286
16	20	0.964571428571429
17	20	0.985142857142857
18	20	0.997714285714286
1	21	0.971428571428571
2	21	0.979428571428571
3	21	0.966857142857143
4	21	0.996571428571429
5	21	0.993142857142857
6	21	0.998857142857143
7	21	0.957714285714286
9	21	0.965714285714286
10	21	0.977142857142857
11	21	0.982857142857143
12	21	0.998857142857143
13	21	0.970285714285714
14	21	0.993142857142857
15	21	0.970285714285714
16	21	0.992
17	21	0.987428571428571
18	21	0.974857142857143
20	21	0.972571428571429
1	22	0.942857142857143
2	22	0.950857142857143
3	22	0.995428571428571
4	22	0.968
5	22	0.978285714285714
6	22	0.970285714285714
7	22	0.929142857142857
9	22	0.994285714285714
10	22	0.948571428571429
11	22	0.954285714285714
12	22	0.972571428571429
13	22	0.998857142857143
14	22	0.978285714285714
15	22	0.998857142857143
16	22	0.963428571428571
17	22	0.984
18	22	0.996571428571429
20	22	0.998857142857143
21	22	0.971428571428571
1	23	0.436571428571429
2	23	0.444571428571429
3	23	0.498285714285714
4	23	0.461714285714286
5	23	0.472
6	23	0.464
7	23	0.422857142857143
8	23	0.580571428571429
9	23	0.499428571428571
10	23	0.442285714285714
11	23	0.448
12	23	0.466285714285714
13	23	0.494857142857143
14	23	0.472
15	23	0.494857142857143
16	23	0.457142857142857
17	23	0.477714285714286
18	23	0.490285714285714
19	23	0.617142857142857
20	23	0.492571428571429
21	23	0.465142857142857
22	23	0.493714285714286
1	24	0.962285714285714
2	24	0.970285714285714
3	24	0.976
4	24	0.987428571428571
5	24	0.997714285714286
6	24	0.989714285714286
7	24	0.948571428571429
9	24	0.974857142857143
10	24	0.968
11	24	0.973714285714286
12	24	0.992
13	24	0.979428571428571
14	24	0.997714285714286
15	24	0.979428571428571
16	24	0.982857142857143
17	24	0.996571428571429
18	24	0.984
20	24	0.981714285714286
21	24	0.990857142857143
22	24	0.980571428571429
23	24	0.474285714285714
1	25	0.963428571428571
2	25	0.971428571428571
3	25	0.974857142857143
4	25	0.988571428571429
5	25	0.998857142857143
6	25	0.990857142857143
7	25	0.949714285714286
9	25	0.973714285714286
10	25	0.969142857142857
11	25	0.974857142857143
12	25	0.993142857142857
13	25	0.978285714285714
14	25	0.998857142857143
15	25	0.978285714285714
16	25	0.984
17	25	0.995428571428571
18	25	0.982857142857143
20	25	0.980571428571429
21	25	0.992
22	25	0.979428571428571
23	25	0.473142857142857
24	25	0.998857142857143
1	26	0.921142857142857
2	26	0.929142857142857
3	26	0.982857142857143
4	26	0.946285714285714
5	26	0.956571428571429
6	26	0.948571428571429
7	26	0.907428571428571
9	26	0.984
10	26	0.926857142857143
11	26	0.932571428571428
12	26	0.950857142857143
13	26	0.979428571428571
14	26	0.956571428571429
15	26	0.979428571428571
16	26	0.941714285714286
17	26	0.962285714285714
18	26	0.974857142857143
20	26	0.977142857142857
21	26	0.949714285714286
22	26	0.978285714285714
23	26	0.515428571428572
24	26	0.958857142857143
25	26	0.957714285714286
1	27	0.946285714285714
2	27	0.954285714285714
3	27	0.992
4	27	0.971428571428571
5	27	0.981714285714286
6	27	0.973714285714286
7	27	0.932571428571429
9	27	0.990857142857143
10	27	0.952
11	27	0.957714285714286
12	27	0.976
13	27	0.995428571428571
14	27	0.981714285714286
15	27	0.995428571428571
16	27	0.966857142857143
17	27	0.987428571428572
18	27	1
20	27	0.997714285714286
21	27	0.974857142857143
22	27	0.996571428571429
23	27	0.490285714285714
24	27	0.984
25	27	0.982857142857143
26	27	0.974857142857143
1	28	0.897142857142857
2	28	0.905142857142857
3	28	0.958857142857143
4	28	0.922285714285714
5	28	0.932571428571428
6	28	0.924571428571429
7	28	0.883428571428571
9	28	0.96
10	28	0.902857142857143
11	28	0.908571428571428
12	28	0.926857142857143
13	28	0.955428571428571
14	28	0.932571428571428
15	28	0.955428571428571
16	28	0.917714285714286
17	28	0.938285714285714
18	28	0.950857142857143
20	28	0.953142857142857
21	28	0.925714285714286
22	28	0.954285714285714
23	28	0.539428571428571
24	28	0.934857142857143
25	28	0.933714285714286
26	28	0.976
27	28	0.950857142857143
1	29	0.949714285714286
2	29	0.957714285714286
3	29	0.988571428571429
4	29	0.974857142857143
5	29	0.985142857142857
6	29	0.977142857142857
7	29	0.936
9	29	0.987428571428572
10	29	0.955428571428571
11	29	0.961142857142857
12	29	0.979428571428571
13	29	0.992
14	29	0.985142857142857
15	29	0.992
16	29	0.970285714285714
17	29	0.990857142857143
18	29	0.996571428571429
20	29	0.994285714285714
21	29	0.978285714285714
22	29	0.993142857142857
23	29	0.486857142857143
24	29	0.987428571428571
25	29	0.986285714285714
26	29	0.971428571428571
27	29	0.996571428571429
28	29	0.947428571428571
1	30	0.982857142857143
2	30	0.990857142857143
3	30	0.955428571428572
4	30	0.992
5	30	0.981714285714286
6	30	0.989714285714286
7	30	0.969142857142857
9	30	0.954285714285714
10	30	0.988571428571429
11	30	0.994285714285714
12	30	0.987428571428572
13	30	0.958857142857143
14	30	0.981714285714286
15	30	0.958857142857143
16	30	0.996571428571429
17	30	0.976
18	30	0.963428571428572
20	30	0.961142857142857
21	30	0.988571428571429
22	30	0.96
23	30	0.453714285714286
24	30	0.979428571428571
25	30	0.980571428571429
26	30	0.938285714285714
27	30	0.963428571428572
28	30	0.914285714285714
29	30	0.966857142857143
1	31	0.996571428571429
2	31	0.988571428571429
3	31	0.934857142857143
4	31	0.971428571428571
5	31	0.961142857142857
6	31	0.969142857142857
7	31	0.989714285714286
9	31	0.933714285714286
10	31	0.990857142857143
11	31	0.985142857142857
12	31	0.966857142857143
13	31	0.938285714285714
14	31	0.961142857142857
15	31	0.938285714285714
16	31	0.976
17	31	0.955428571428571
18	31	0.942857142857143
20	31	0.940571428571429
21	31	0.968
22	31	0.939428571428571
23	31	0.433142857142857
24	31	0.958857142857143
25	31	0.96
26	31	0.917714285714286
27	31	0.942857142857143
28	31	0.893714285714286
29	31	0.946285714285714
30	31	0.979428571428571
1	32	0.947428571428571
2	32	0.955428571428572
3	32	0.990857142857143
4	32	0.972571428571429
5	32	0.982857142857143
6	32	0.974857142857143
7	32	0.933714285714286
9	32	0.989714285714286
10	32	0.953142857142857
11	32	0.958857142857143
12	32	0.977142857142857
13	32	0.994285714285714
14	32	0.982857142857143
15	32	0.994285714285714
16	32	0.968
17	32	0.988571428571429
18	32	0.998857142857143
20	32	0.996571428571429
21	32	0.976
22	32	0.995428571428571
23	32	0.489142857142857
24	32	0.985142857142857
25	32	0.984
26	32	0.973714285714286
27	32	0.998857142857143
28	32	0.949714285714286
29	32	0.997714285714286
30	32	0.964571428571429
31	32	0.944
1	33	0.998857142857143
2	33	0.990857142857143
3	33	0.937142857142857
4	33	0.973714285714286
5	33	0.963428571428572
6	33	0.971428571428571
7	33	0.987428571428571
9	33	0.936
10	33	0.993142857142857
11	33	0.987428571428572
12	33	0.969142857142857
13	33	0.940571428571429
14	33	0.963428571428572
15	33	0.940571428571429
16	33	0.978285714285714
17	33	0.957714285714286
18	33	0.945142857142857
20	33	0.942857142857143
21	33	0.970285714285714
22	33	0.941714285714286
23	33	0.435428571428571
24	33	0.961142857142857
25	33	0.962285714285714
26	33	0.92
27	33	0.945142857142857
28	33	0.896
29	33	0.948571428571429
30	33	0.981714285714286
31	33	0.997714285714286
32	33	0.946285714285714
8	34	0.929142857142857
19	34	0.965714285714286
23	34	0.651428571428571
1	35	0.998857142857143
2	35	0.993142857142857
3	35	0.939428571428571
4	35	0.976
5	35	0.965714285714286
6	35	0.973714285714286
7	35	0.985142857142857
9	35	0.938285714285714
10	35	0.995428571428571
11	35	0.989714285714286
12	35	0.971428571428571
13	35	0.942857142857143
14	35	0.965714285714286
15	35	0.942857142857143
16	35	0.980571428571429
17	35	0.96
18	35	0.947428571428571
20	35	0.945142857142857
21	35	0.972571428571429
22	35	0.944
23	35	0.437714285714286
24	35	0.963428571428571
25	35	0.964571428571429
26	35	0.922285714285714
27	35	0.947428571428571
28	35	0.898285714285714
29	35	0.950857142857143
30	35	0.984
31	35	0.995428571428571
32	35	0.948571428571429
33	35	0.997714285714286
8	36	0.970285714285714
19	36	0.993142857142857
23	36	0.610285714285714
34	36	0.958857142857143
8	37	0.969142857142857
19	37	0.994285714285714
23	37	0.611428571428571
34	37	0.96
36	37	0.998857142857143
1	38	0.964571428571429
2	38	0.972571428571429
3	38	0.973714285714286
4	38	0.989714285714286
5	38	1
6	38	0.992
7	38	0.950857142857143
9	38	0.972571428571429
10	38	0.970285714285714
11	38	0.976
12	38	0.994285714285714
13	38	0.977142857142857
14	38	1
15	38	0.977142857142857
16	38	0.985142857142857
17	38	0.994285714285714
18	38	0.981714285714286
20	38	0.979428571428571
21	38	0.993142857142857
22	38	0.978285714285714
23	38	0.472
24	38	0.997714285714286
25	38	0.998857142857143
26	38	0.956571428571429
27	38	0.981714285714286
28	38	0.932571428571428
29	38	0.985142857142857
30	38	0.981714285714286
31	38	0.961142857142857
32	38	0.982857142857143
33	38	0.963428571428572
35	38	0.965714285714286
1	39	0.974857142857143
2	39	0.982857142857143
3	39	0.963428571428571
4	39	1
5	39	0.989714285714286
6	39	0.997714285714286
7	39	0.961142857142857
9	39	0.962285714285714
10	39	0.980571428571429
11	39	0.986285714285714
12	39	0.995428571428571
13	39	0.966857142857143
14	39	0.989714285714286
15	39	0.966857142857143
16	39	0.995428571428571
17	39	0.984
18	39	0.971428571428571
20	39	0.969142857142857
21	39	0.996571428571429
22	39	0.968
23	39	0.461714285714286
24	39	0.987428571428571
25	39	0.988571428571429
26	39	0.946285714285714
27	39	0.971428571428571
28	39	0.922285714285714
29	39	0.974857142857143
30	39	0.992
31	39	0.971428571428571
32	39	0.972571428571429
33	39	0.973714285714286
35	39	0.976
38	39	0.989714285714286
1	40	0.953142857142857
2	40	0.961142857142857
3	40	0.985142857142857
4	40	0.978285714285714
5	40	0.988571428571429
6	40	0.980571428571429
7	40	0.939428571428571
9	40	0.984
10	40	0.958857142857143
11	40	0.964571428571429
12	40	0.982857142857143
13	40	0.988571428571429
14	40	0.988571428571429
15	40	0.988571428571429
16	40	0.973714285714286
17	40	0.994285714285714
18	40	0.993142857142857
20	40	0.990857142857143
21	40	0.981714285714286
22	40	0.989714285714286
23	40	0.483428571428571
24	40	0.990857142857143
25	40	0.989714285714286
26	40	0.968
27	40	0.993142857142857
28	40	0.944
29	40	0.996571428571429
30	40	0.970285714285714
31	40	0.949714285714286
32	40	0.994285714285714
33	40	0.952
35	40	0.954285714285714
38	40	0.988571428571429
39	40	0.978285714285714
1	41	0.969142857142857
2	41	0.977142857142857
3	41	0.969142857142857
4	41	0.994285714285714
5	41	0.995428571428571
6	41	0.996571428571429
7	41	0.955428571428572
9	41	0.968
10	41	0.974857142857143
11	41	0.980571428571429
12	41	0.998857142857143
13	41	0.972571428571429
14	41	0.995428571428571
15	41	0.972571428571429
16	41	0.989714285714286
17	41	0.989714285714286
18	41	0.977142857142857
20	41	0.974857142857143
21	41	0.997714285714286
22	41	0.973714285714286
23	41	0.467428571428571
24	41	0.993142857142857
25	41	0.994285714285714
26	41	0.952
27	41	0.977142857142857
28	41	0.928
29	41	0.980571428571428
30	41	0.986285714285714
31	41	0.965714285714286
32	41	0.978285714285714
33	41	0.968
35	41	0.970285714285714
38	41	0.995428571428571
39	41	0.994285714285714
40	41	0.984
1	42	0.998857142857143
2	42	0.993142857142857
3	42	0.939428571428571
4	42	0.976
5	42	0.965714285714286
6	42	0.973714285714286
7	42	0.985142857142857
9	42	0.938285714285714
10	42	0.995428571428571
11	42	0.989714285714286
12	42	0.971428571428571
13	42	0.942857142857143
14	42	0.965714285714286
15	42	0.942857142857143
16	42	0.980571428571429
17	42	0.96
18	42	0.947428571428571
20	42	0.945142857142857
21	42	0.972571428571429
22	42	0.944
23	42	0.437714285714286
24	42	0.963428571428571
25	42	0.964571428571429
26	42	0.922285714285714
27	42	0.947428571428571
28	42	0.898285714285714
29	42	0.950857142857143
30	42	0.984
31	42	0.995428571428571
32	42	0.948571428571429
33	42	0.997714285714286
35	42	1
38	42	0.965714285714286
39	42	0.976
40	42	0.954285714285714
41	42	0.970285714285714
1	43	0.950857142857143
2	43	0.958857142857143
3	43	0.987428571428571
4	43	0.976
5	43	0.986285714285714
6	43	0.978285714285714
7	43	0.937142857142857
9	43	0.986285714285714
10	43	0.956571428571429
11	43	0.962285714285714
12	43	0.980571428571429
13	43	0.990857142857143
14	43	0.986285714285714
15	43	0.990857142857143
16	43	0.971428571428571
17	43	0.992
18	43	0.995428571428571
20	43	0.993142857142857
21	43	0.979428571428571
22	43	0.992
23	43	0.485714285714286
24	43	0.988571428571429
25	43	0.987428571428572
26	43	0.970285714285714
27	43	0.995428571428571
28	43	0.946285714285714
29	43	0.998857142857143
30	43	0.968
31	43	0.947428571428571
32	43	0.996571428571429
33	43	0.949714285714286
35	43	0.952
38	43	0.986285714285714
39	43	0.976
40	43	0.997714285714286
41	43	0.981714285714286
42	43	0.952
1	44	0.956571428571429
2	44	0.964571428571429
3	44	0.981714285714286
4	44	0.981714285714286
5	44	0.992
6	44	0.984
7	44	0.942857142857143
9	44	0.980571428571429
10	44	0.962285714285714
11	44	0.968
12	44	0.986285714285714
13	44	0.985142857142857
14	44	0.992
15	44	0.985142857142857
16	44	0.977142857142857
17	44	0.997714285714286
18	44	0.989714285714286
20	44	0.987428571428571
21	44	0.985142857142857
22	44	0.986285714285714
23	44	0.48
24	44	0.994285714285714
25	44	0.993142857142857
26	44	0.964571428571429
27	44	0.989714285714286
28	44	0.940571428571429
29	44	0.993142857142857
30	44	0.973714285714286
31	44	0.953142857142857
32	44	0.990857142857143
33	44	0.955428571428572
35	44	0.957714285714286
38	44	0.992
39	44	0.981714285714286
40	44	0.996571428571429
41	44	0.987428571428571
42	44	0.957714285714286
43	44	0.994285714285714
1	45	0.970285714285714
2	45	0.978285714285714
3	45	0.968
4	45	0.995428571428571
5	45	0.994285714285714
6	45	0.997714285714286
7	45	0.956571428571429
9	45	0.966857142857143
10	45	0.976
11	45	0.981714285714286
12	45	1
13	45	0.971428571428571
14	45	0.994285714285714
15	45	0.971428571428571
16	45	0.990857142857143
17	45	0.988571428571429
18	45	0.976
20	45	0.973714285714286
21	45	0.998857142857143
22	45	0.972571428571429
23	45	0.466285714285714
24	45	0.992
25	45	0.993142857142857
26	45	0.950857142857143
27	45	0.976
28	45	0.926857142857143
29	45	0.979428571428571
30	45	0.987428571428572
31	45	0.966857142857143
32	45	0.977142857142857
33	45	0.969142857142857
35	45	0.971428571428571
38	45	0.994285714285714
39	45	0.995428571428571
40	45	0.982857142857143
41	45	0.998857142857143
42	45	0.971428571428571
43	45	0.980571428571429
44	45	0.986285714285714
1	46	0.961142857142857
2	46	0.969142857142857
3	46	0.977142857142857
4	46	0.986285714285714
5	46	0.996571428571429
6	46	0.988571428571429
7	46	0.947428571428571
9	46	0.976
10	46	0.966857142857143
11	46	0.972571428571429
12	46	0.990857142857143
13	46	0.980571428571429
14	46	0.996571428571429
15	46	0.980571428571429
16	46	0.981714285714286
17	46	0.997714285714286
18	46	0.985142857142857
20	46	0.982857142857143
21	46	0.989714285714286
22	46	0.981714285714286
23	46	0.475428571428571
24	46	0.998857142857143
25	46	0.997714285714286
26	46	0.96
27	46	0.985142857142857
28	46	0.936
29	46	0.988571428571429
30	46	0.978285714285714
31	46	0.957714285714286
32	46	0.986285714285714
33	46	0.96
35	46	0.962285714285714
38	46	0.996571428571429
39	46	0.986285714285714
40	46	0.992
41	46	0.992
42	46	0.962285714285714
43	46	0.989714285714286
44	46	0.995428571428571
45	46	0.990857142857143
1	47	0.984
2	47	0.992
3	47	0.954285714285714
4	47	0.990857142857143
5	47	0.980571428571429
6	47	0.988571428571429
7	47	0.970285714285714
9	47	0.953142857142857
10	47	0.989714285714286
11	47	0.995428571428571
12	47	0.986285714285714
13	47	0.957714285714286
14	47	0.980571428571429
15	47	0.957714285714286
16	47	0.995428571428571
17	47	0.974857142857143
18	47	0.962285714285714
20	47	0.96
21	47	0.987428571428571
22	47	0.958857142857143
23	47	0.452571428571429
24	47	0.978285714285714
25	47	0.979428571428571
26	47	0.937142857142857
27	47	0.962285714285714
28	47	0.913142857142857
29	47	0.965714285714286
30	47	0.998857142857143
31	47	0.980571428571429
32	47	0.963428571428571
33	47	0.982857142857143
35	47	0.985142857142857
38	47	0.980571428571429
39	47	0.990857142857143
40	47	0.969142857142857
41	47	0.985142857142857
42	47	0.985142857142857
43	47	0.966857142857143
44	47	0.972571428571429
45	47	0.986285714285714
46	47	0.977142857142857
1	48	0.989714285714286
2	48	0.997714285714286
3	48	0.948571428571429
4	48	0.985142857142857
5	48	0.974857142857143
6	48	0.982857142857143
7	48	0.976
9	48	0.947428571428571
10	48	0.995428571428571
11	48	0.998857142857143
12	48	0.980571428571429
13	48	0.952
14	48	0.974857142857143
15	48	0.952
16	48	0.989714285714286
17	48	0.969142857142857
18	48	0.956571428571429
20	48	0.954285714285714
21	48	0.981714285714286
22	48	0.953142857142857
23	48	0.446857142857143
24	48	0.972571428571429
25	48	0.973714285714286
26	48	0.931428571428571
27	48	0.956571428571429
28	48	0.907428571428571
29	48	0.96
30	48	0.993142857142857
31	48	0.986285714285714
32	48	0.957714285714286
33	48	0.988571428571429
35	48	0.990857142857143
38	48	0.974857142857143
39	48	0.985142857142857
40	48	0.963428571428571
41	48	0.979428571428571
42	48	0.990857142857143
43	48	0.961142857142857
44	48	0.966857142857143
45	48	0.980571428571429
46	48	0.971428571428571
47	48	0.994285714285714
1	49	0.979428571428571
2	49	0.987428571428572
3	49	0.958857142857143
4	49	0.995428571428571
5	49	0.985142857142857
6	49	0.993142857142857
7	49	0.965714285714286
9	49	0.957714285714286
10	49	0.985142857142857
11	49	0.990857142857143
12	49	0.990857142857143
13	49	0.962285714285714
14	49	0.985142857142857
15	49	0.962285714285714
16	49	1
17	49	0.979428571428571
18	49	0.966857142857143
20	49	0.964571428571429
21	49	0.992
22	49	0.963428571428571
23	49	0.457142857142857
24	49	0.982857142857143
25	49	0.984
26	49	0.941714285714286
27	49	0.966857142857143
28	49	0.917714285714286
29	49	0.970285714285714
30	49	0.996571428571429
31	49	0.976
32	49	0.968
33	49	0.978285714285714
35	49	0.980571428571429
38	49	0.985142857142857
39	49	0.995428571428571
40	49	0.973714285714286
41	49	0.989714285714286
42	49	0.980571428571429
43	49	0.971428571428571
44	49	0.977142857142857
45	49	0.990857142857143
46	49	0.981714285714286
47	49	0.995428571428571
48	49	0.989714285714286
1	50	0.982857142857143
2	50	0.974857142857143
3	50	0.921142857142857
4	50	0.957714285714286
5	50	0.947428571428571
6	50	0.955428571428571
7	50	0.996571428571429
9	50	0.92
10	50	0.977142857142857
11	50	0.971428571428571
12	50	0.953142857142857
13	50	0.924571428571429
14	50	0.947428571428571
15	50	0.924571428571429
16	50	0.962285714285714
17	50	0.941714285714286
18	50	0.929142857142857
20	50	0.926857142857143
21	50	0.954285714285714
22	50	0.925714285714286
23	50	0.419428571428571
24	50	0.945142857142857
25	50	0.946285714285714
26	50	0.904
27	50	0.929142857142857
28	50	0.88
29	50	0.932571428571428
30	50	0.965714285714286
31	50	0.986285714285714
32	50	0.930285714285714
33	50	0.984
35	50	0.981714285714286
38	50	0.947428571428571
39	50	0.957714285714286
40	50	0.936
41	50	0.952
42	50	0.981714285714286
43	50	0.933714285714286
44	50	0.939428571428571
45	50	0.953142857142857
46	50	0.944
47	50	0.966857142857143
48	50	0.972571428571429
49	50	0.962285714285714
1	51	0.968
2	51	0.976
3	51	0.970285714285714
4	51	0.993142857142857
5	51	0.996571428571429
6	51	0.995428571428571
7	51	0.954285714285714
9	51	0.969142857142857
10	51	0.973714285714286
11	51	0.979428571428571
12	51	0.997714285714286
13	51	0.973714285714286
14	51	0.996571428571429
15	51	0.973714285714286
16	51	0.988571428571429
17	51	0.990857142857143
18	51	0.978285714285714
20	51	0.976
21	51	0.996571428571429
22	51	0.974857142857143
23	51	0.468571428571429
24	51	0.994285714285714
25	51	0.995428571428571
26	51	0.953142857142857
27	51	0.978285714285714
28	51	0.929142857142857
29	51	0.981714285714286
30	51	0.985142857142857
31	51	0.964571428571429
32	51	0.979428571428571
33	51	0.966857142857143
35	51	0.969142857142857
38	51	0.996571428571429
39	51	0.993142857142857
40	51	0.985142857142857
41	51	0.998857142857143
42	51	0.969142857142857
43	51	0.982857142857143
44	51	0.988571428571429
45	51	0.997714285714286
46	51	0.993142857142857
47	51	0.984
48	51	0.978285714285714
49	51	0.988571428571429
50	51	0.950857142857143
1	52	1
2	52	0.992
3	52	0.938285714285714
4	52	0.974857142857143
5	52	0.964571428571429
6	52	0.972571428571429
7	52	0.986285714285714
9	52	0.937142857142857
10	52	0.994285714285714
11	52	0.988571428571429
12	52	0.970285714285714
13	52	0.941714285714286
14	52	0.964571428571429
15	52	0.941714285714286
16	52	0.979428571428571
17	52	0.958857142857143
18	52	0.946285714285714
20	52	0.944
21	52	0.971428571428571
22	52	0.942857142857143
23	52	0.436571428571429
24	52	0.962285714285714
25	52	0.963428571428571
26	52	0.921142857142857
27	52	0.946285714285714
28	52	0.897142857142857
29	52	0.949714285714286
30	52	0.982857142857143
31	52	0.996571428571429
32	52	0.947428571428571
33	52	0.998857142857143
35	52	0.998857142857143
38	52	0.964571428571429
39	52	0.974857142857143
40	52	0.953142857142857
41	52	0.969142857142857
42	52	0.998857142857143
43	52	0.950857142857143
44	52	0.956571428571429
45	52	0.970285714285714
46	52	0.961142857142857
47	52	0.984
48	52	0.989714285714286
49	52	0.979428571428571
50	52	0.982857142857143
51	52	0.968
1	53	0.948571428571429
2	53	0.956571428571429
3	53	0.989714285714286
4	53	0.973714285714286
5	53	0.984
6	53	0.976
7	53	0.934857142857143
9	53	0.988571428571429
10	53	0.954285714285714
11	53	0.96
12	53	0.978285714285714
13	53	0.993142857142857
14	53	0.984
15	53	0.993142857142857
16	53	0.969142857142857
17	53	0.989714285714286
18	53	0.997714285714286
20	53	0.995428571428571
21	53	0.977142857142857
22	53	0.994285714285714
23	53	0.488
24	53	0.986285714285714
25	53	0.985142857142857
26	53	0.972571428571429
27	53	0.997714285714286
28	53	0.948571428571429
29	53	0.998857142857143
30	53	0.965714285714286
31	53	0.945142857142857
32	53	0.998857142857143
33	53	0.947428571428571
35	53	0.949714285714286
38	53	0.984
39	53	0.973714285714286
40	53	0.995428571428571
41	53	0.979428571428571
42	53	0.949714285714286
43	53	0.997714285714286
44	53	0.992
45	53	0.978285714285714
46	53	0.987428571428571
47	53	0.964571428571429
48	53	0.958857142857143
49	53	0.969142857142857
50	53	0.931428571428571
51	53	0.980571428571429
52	53	0.948571428571429
1	54	0.969142857142857
2	54	0.977142857142857
3	54	0.969142857142857
4	54	0.994285714285714
5	54	0.995428571428571
6	54	0.996571428571429
7	54	0.955428571428572
9	54	0.968
10	54	0.974857142857143
11	54	0.980571428571429
12	54	0.998857142857143
13	54	0.972571428571429
14	54	0.995428571428571
15	54	0.972571428571429
16	54	0.989714285714286
17	54	0.989714285714286
18	54	0.977142857142857
20	54	0.974857142857143
21	54	0.997714285714286
22	54	0.973714285714286
23	54	0.467428571428571
24	54	0.993142857142857
25	54	0.994285714285714
26	54	0.952
27	54	0.977142857142857
28	54	0.928
29	54	0.980571428571428
30	54	0.986285714285714
31	54	0.965714285714286
32	54	0.978285714285714
33	54	0.968
35	54	0.970285714285714
38	54	0.995428571428571
39	54	0.994285714285714
40	54	0.984
41	54	1
42	54	0.970285714285714
43	54	0.981714285714286
44	54	0.987428571428571
45	54	0.998857142857143
46	54	0.992
47	54	0.985142857142857
48	54	0.979428571428571
49	54	0.989714285714286
50	54	0.952
51	54	0.998857142857143
52	54	0.969142857142857
53	54	0.979428571428571
1	55	0.940571428571429
2	55	0.948571428571429
3	55	0.997714285714286
4	55	0.965714285714286
5	55	0.976
6	55	0.968
7	55	0.926857142857143
9	55	0.996571428571429
10	55	0.946285714285714
11	55	0.952
12	55	0.970285714285714
13	55	0.998857142857143
14	55	0.976
15	55	0.998857142857143
16	55	0.961142857142857
17	55	0.981714285714286
18	55	0.994285714285714
20	55	0.996571428571429
21	55	0.969142857142857
22	55	0.997714285714286
23	55	0.496
24	55	0.978285714285714
25	55	0.977142857142857
26	55	0.980571428571428
27	55	0.994285714285714
28	55	0.956571428571429
29	55	0.990857142857143
30	55	0.957714285714286
31	55	0.937142857142857
32	55	0.993142857142857
33	55	0.939428571428572
35	55	0.941714285714286
38	55	0.976
39	55	0.965714285714286
40	55	0.987428571428572
41	55	0.971428571428571
42	55	0.941714285714286
43	55	0.989714285714286
44	55	0.984
45	55	0.970285714285714
46	55	0.979428571428571
47	55	0.956571428571429
48	55	0.950857142857143
49	55	0.961142857142857
50	55	0.923428571428571
51	55	0.972571428571429
52	55	0.940571428571429
53	55	0.992
54	55	0.971428571428571
1	56	0.994285714285714
2	56	0.986285714285714
3	56	0.932571428571429
4	56	0.969142857142857
5	56	0.958857142857143
6	56	0.966857142857143
7	56	0.992
9	56	0.931428571428571
10	56	0.988571428571429
11	56	0.982857142857143
12	56	0.964571428571429
13	56	0.936
14	56	0.958857142857143
15	56	0.936
16	56	0.973714285714286
17	56	0.953142857142857
18	56	0.940571428571429
20	56	0.938285714285714
21	56	0.965714285714286
22	56	0.937142857142857
23	56	0.430857142857143
24	56	0.956571428571429
25	56	0.957714285714286
26	56	0.915428571428571
27	56	0.940571428571429
28	56	0.891428571428571
29	56	0.944
30	56	0.977142857142857
31	56	0.997714285714286
32	56	0.941714285714286
33	56	0.995428571428571
35	56	0.993142857142857
38	56	0.958857142857143
39	56	0.969142857142857
40	56	0.947428571428571
41	56	0.963428571428572
42	56	0.993142857142857
43	56	0.945142857142857
44	56	0.950857142857143
45	56	0.964571428571429
46	56	0.955428571428572
47	56	0.978285714285714
48	56	0.984
49	56	0.973714285714286
50	56	0.988571428571429
51	56	0.962285714285714
52	56	0.994285714285714
53	56	0.942857142857143
54	56	0.963428571428572
55	56	0.934857142857143
1	57	0.947428571428571
2	57	0.955428571428572
3	57	0.990857142857143
4	57	0.972571428571429
5	57	0.982857142857143
6	57	0.974857142857143
7	57	0.933714285714286
9	57	0.989714285714286
10	57	0.953142857142857
11	57	0.958857142857143
12	57	0.977142857142857
13	57	0.994285714285714
14	57	0.982857142857143
15	57	0.994285714285714
16	57	0.968
17	57	0.988571428571429
18	57	0.998857142857143
20	57	0.996571428571429
21	57	0.976
22	57	0.995428571428571
23	57	0.489142857142857
24	57	0.985142857142857
25	57	0.984
26	57	0.973714285714286
27	57	0.998857142857143
28	57	0.949714285714286
29	57	0.997714285714286
30	57	0.964571428571429
31	57	0.944
32	57	1
33	57	0.946285714285714
35	57	0.948571428571429
38	57	0.982857142857143
39	57	0.972571428571429
40	57	0.994285714285714
41	57	0.978285714285714
42	57	0.948571428571429
43	57	0.996571428571429
44	57	0.990857142857143
45	57	0.977142857142857
46	57	0.986285714285714
47	57	0.963428571428571
48	57	0.957714285714286
49	57	0.968
50	57	0.930285714285714
51	57	0.979428571428571
52	57	0.947428571428571
53	57	0.998857142857143
54	57	0.978285714285714
55	57	0.993142857142857
56	57	0.941714285714286
1	58	0.973714285714286
2	58	0.981714285714286
3	58	0.964571428571429
4	58	0.998857142857143
5	58	0.990857142857143
6	58	0.998857142857143
7	58	0.96
9	58	0.963428571428572
10	58	0.979428571428571
11	58	0.985142857142857
12	58	0.996571428571429
13	58	0.968
14	58	0.990857142857143
15	58	0.968
16	58	0.994285714285714
17	58	0.985142857142857
18	58	0.972571428571429
20	58	0.970285714285714
21	58	0.997714285714286
22	58	0.969142857142857
23	58	0.462857142857143
24	58	0.988571428571429
25	58	0.989714285714286
26	58	0.947428571428571
27	58	0.972571428571429
28	58	0.923428571428571
29	58	0.976
30	58	0.990857142857143
31	58	0.970285714285714
32	58	0.973714285714286
33	58	0.972571428571429
35	58	0.974857142857143
38	58	0.990857142857143
39	58	0.998857142857143
40	58	0.979428571428571
41	58	0.995428571428572
42	58	0.974857142857143
43	58	0.977142857142857
44	58	0.982857142857143
45	58	0.996571428571429
46	58	0.987428571428572
47	58	0.989714285714286
48	58	0.984
49	58	0.994285714285714
50	58	0.956571428571429
51	58	0.994285714285714
52	58	0.973714285714286
53	58	0.974857142857143
54	58	0.995428571428572
55	58	0.966857142857143
56	58	0.968
57	58	0.973714285714286
1	59	0.909714285714286
2	59	0.917714285714286
3	59	0.971428571428571
4	59	0.934857142857143
5	59	0.945142857142857
6	59	0.937142857142857
7	59	0.896
9	59	0.972571428571429
10	59	0.915428571428571
11	59	0.921142857142857
12	59	0.939428571428571
13	59	0.968
14	59	0.945142857142857
15	59	0.968
16	59	0.930285714285714
17	59	0.950857142857143
18	59	0.963428571428571
20	59	0.965714285714286
21	59	0.938285714285714
22	59	0.966857142857143
23	59	0.526857142857143
24	59	0.947428571428571
25	59	0.946285714285714
26	59	0.988571428571429
27	59	0.963428571428571
28	59	0.987428571428571
29	59	0.96
30	59	0.926857142857143
31	59	0.906285714285714
32	59	0.962285714285714
33	59	0.908571428571429
35	59	0.910857142857143
38	59	0.945142857142857
39	59	0.934857142857143
40	59	0.956571428571429
41	59	0.940571428571429
42	59	0.910857142857143
43	59	0.958857142857143
44	59	0.953142857142857
45	59	0.939428571428571
46	59	0.948571428571429
47	59	0.925714285714286
48	59	0.92
49	59	0.930285714285714
50	59	0.892571428571429
51	59	0.941714285714286
52	59	0.909714285714286
53	59	0.961142857142857
54	59	0.940571428571429
55	59	0.969142857142857
56	59	0.904
57	59	0.962285714285714
58	59	0.936
1	60	0.949714285714286
2	60	0.957714285714286
3	60	0.988571428571429
4	60	0.974857142857143
5	60	0.985142857142857
6	60	0.977142857142857
7	60	0.936
9	60	0.987428571428572
10	60	0.955428571428571
11	60	0.961142857142857
12	60	0.979428571428571
13	60	0.992
14	60	0.985142857142857
15	60	0.992
16	60	0.970285714285714
17	60	0.990857142857143
18	60	0.996571428571429
20	60	0.994285714285714
21	60	0.978285714285714
22	60	0.993142857142857
23	60	0.486857142857143
24	60	0.987428571428571
25	60	0.986285714285714
26	60	0.971428571428571
27	60	0.996571428571429
28	60	0.947428571428571
29	60	1
30	60	0.966857142857143
31	60	0.946285714285714
32	60	0.997714285714286
33	60	0.948571428571429
35	60	0.950857142857143
38	60	0.985142857142857
39	60	0.974857142857143
40	60	0.996571428571429
41	60	0.980571428571428
42	60	0.950857142857143
43	60	0.998857142857143
44	60	0.993142857142857
45	60	0.979428571428571
46	60	0.988571428571429
47	60	0.965714285714286
48	60	0.96
49	60	0.970285714285714
50	60	0.932571428571428
51	60	0.981714285714286
52	60	0.949714285714286
53	60	0.998857142857143
54	60	0.980571428571428
55	60	0.990857142857143
56	60	0.944
57	60	0.997714285714286
58	60	0.976
59	60	0.96
1	61	0.96
2	61	0.968
3	61	0.978285714285714
4	61	0.985142857142857
5	61	0.995428571428571
6	61	0.987428571428572
7	61	0.946285714285714
9	61	0.977142857142857
10	61	0.965714285714286
11	61	0.971428571428571
12	61	0.989714285714286
13	61	0.981714285714286
14	61	0.995428571428571
15	61	0.981714285714286
16	61	0.980571428571429
17	61	0.998857142857143
18	61	0.986285714285714
20	61	0.984
21	61	0.988571428571429
22	61	0.982857142857143
23	61	0.476571428571429
24	61	0.997714285714286
25	61	0.996571428571429
26	61	0.961142857142857
27	61	0.986285714285714
28	61	0.937142857142857
29	61	0.989714285714286
30	61	0.977142857142857
31	61	0.956571428571429
32	61	0.987428571428571
33	61	0.958857142857143
35	61	0.961142857142857
38	61	0.995428571428571
39	61	0.985142857142857
40	61	0.993142857142857
41	61	0.990857142857143
42	61	0.961142857142857
43	61	0.990857142857143
44	61	0.996571428571429
45	61	0.989714285714286
46	61	0.998857142857143
47	61	0.976
48	61	0.970285714285714
49	61	0.980571428571429
50	61	0.942857142857143
51	61	0.992
52	61	0.96
53	61	0.988571428571429
54	61	0.990857142857143
55	61	0.980571428571429
56	61	0.954285714285714
57	61	0.987428571428571
58	61	0.986285714285714
59	61	0.949714285714286
60	61	0.989714285714286
8	62	0.890285714285714
19	62	0.926857142857143
23	62	0.690285714285714
34	62	0.961142857142857
36	62	0.92
37	62	0.921142857142857
1	63	0.968
2	63	0.976
3	63	0.970285714285714
4	63	0.993142857142857
5	63	0.996571428571429
6	63	0.995428571428571
7	63	0.954285714285714
9	63	0.969142857142857
10	63	0.973714285714286
11	63	0.979428571428571
12	63	0.997714285714286
13	63	0.973714285714286
14	63	0.996571428571429
15	63	0.973714285714286
16	63	0.988571428571429
17	63	0.990857142857143
18	63	0.978285714285714
20	63	0.976
21	63	0.996571428571429
22	63	0.974857142857143
23	63	0.468571428571429
24	63	0.994285714285714
25	63	0.995428571428571
26	63	0.953142857142857
27	63	0.978285714285714
28	63	0.929142857142857
29	63	0.981714285714286
30	63	0.985142857142857
31	63	0.964571428571429
32	63	0.979428571428571
33	63	0.966857142857143
35	63	0.969142857142857
38	63	0.996571428571429
39	63	0.993142857142857
40	63	0.985142857142857
41	63	0.998857142857143
42	63	0.969142857142857
43	63	0.982857142857143
44	63	0.988571428571429
45	63	0.997714285714286
46	63	0.993142857142857
47	63	0.984
48	63	0.978285714285714
49	63	0.988571428571429
50	63	0.950857142857143
51	63	1
52	63	0.968
53	63	0.980571428571429
54	63	0.998857142857143
55	63	0.972571428571429
56	63	0.962285714285714
57	63	0.979428571428571
58	63	0.994285714285714
59	63	0.941714285714286
60	63	0.981714285714286
61	63	0.992
8	64	0.942857142857143
19	64	0.979428571428571
23	64	0.637714285714286
34	64	0.986285714285714
36	64	0.972571428571429
37	64	0.973714285714286
62	64	0.947428571428572
1	65	0.961142857142857
2	65	0.969142857142857
3	65	0.977142857142857
4	65	0.986285714285714
5	65	0.996571428571429
6	65	0.988571428571429
7	65	0.947428571428571
9	65	0.976
10	65	0.966857142857143
11	65	0.972571428571429
12	65	0.990857142857143
13	65	0.980571428571429
14	65	0.996571428571429
15	65	0.980571428571429
16	65	0.981714285714286
17	65	0.997714285714286
18	65	0.985142857142857
20	65	0.982857142857143
21	65	0.989714285714286
22	65	0.981714285714286
23	65	0.475428571428571
24	65	0.998857142857143
25	65	0.997714285714286
26	65	0.96
27	65	0.985142857142857
28	65	0.936
29	65	0.988571428571429
30	65	0.978285714285714
31	65	0.957714285714286
32	65	0.986285714285714
33	65	0.96
35	65	0.962285714285714
38	65	0.996571428571429
39	65	0.986285714285714
40	65	0.992
41	65	0.992
42	65	0.962285714285714
43	65	0.989714285714286
44	65	0.995428571428571
45	65	0.990857142857143
46	65	1
47	65	0.977142857142857
48	65	0.971428571428571
49	65	0.981714285714286
50	65	0.944
51	65	0.993142857142857
52	65	0.961142857142857
53	65	0.987428571428571
54	65	0.992
55	65	0.979428571428571
56	65	0.955428571428572
57	65	0.986285714285714
58	65	0.987428571428572
59	65	0.948571428571429
60	65	0.988571428571429
61	65	0.998857142857143
63	65	0.993142857142857
1	66	0.965714285714286
2	66	0.973714285714286
3	66	0.972571428571429
4	66	0.990857142857143
5	66	0.998857142857143
6	66	0.993142857142857
7	66	0.952
9	66	0.971428571428571
10	66	0.971428571428571
11	66	0.977142857142857
12	66	0.995428571428571
13	66	0.976
14	66	0.998857142857143
15	66	0.976
16	66	0.986285714285714
17	66	0.993142857142857
18	66	0.980571428571429
20	66	0.978285714285714
21	66	0.994285714285714
22	66	0.977142857142857
23	66	0.470857142857143
24	66	0.996571428571429
25	66	0.997714285714286
26	66	0.955428571428571
27	66	0.980571428571429
28	66	0.931428571428571
29	66	0.984
30	66	0.982857142857143
31	66	0.962285714285714
32	66	0.981714285714286
33	66	0.964571428571429
35	66	0.966857142857143
38	66	0.998857142857143
39	66	0.990857142857143
40	66	0.987428571428571
41	66	0.996571428571429
42	66	0.966857142857143
43	66	0.985142857142857
44	66	0.990857142857143
45	66	0.995428571428571
46	66	0.995428571428571
47	66	0.981714285714286
48	66	0.976
49	66	0.986285714285714
50	66	0.948571428571429
51	66	0.997714285714286
52	66	0.965714285714286
53	66	0.982857142857143
54	66	0.996571428571429
55	66	0.974857142857143
56	66	0.96
57	66	0.981714285714286
58	66	0.992
59	66	0.944
60	66	0.984
61	66	0.994285714285714
63	66	0.997714285714286
65	66	0.995428571428571
1	67	0.968
2	67	0.976
3	67	0.970285714285714
4	67	0.993142857142857
5	67	0.996571428571429
6	67	0.995428571428571
7	67	0.954285714285714
9	67	0.969142857142857
10	67	0.973714285714286
11	67	0.979428571428571
12	67	0.997714285714286
13	67	0.973714285714286
14	67	0.996571428571429
15	67	0.973714285714286
16	67	0.988571428571429
17	67	0.990857142857143
18	67	0.978285714285714
20	67	0.976
21	67	0.996571428571429
22	67	0.974857142857143
23	67	0.468571428571429
24	67	0.994285714285714
25	67	0.995428571428571
26	67	0.953142857142857
27	67	0.978285714285714
28	67	0.929142857142857
29	67	0.981714285714286
30	67	0.985142857142857
31	67	0.964571428571429
32	67	0.979428571428571
33	67	0.966857142857143
35	67	0.969142857142857
38	67	0.996571428571429
39	67	0.993142857142857
40	67	0.985142857142857
41	67	0.998857142857143
42	67	0.969142857142857
43	67	0.982857142857143
44	67	0.988571428571429
45	67	0.997714285714286
46	67	0.993142857142857
47	67	0.984
48	67	0.978285714285714
49	67	0.988571428571429
50	67	0.950857142857143
51	67	1
52	67	0.968
53	67	0.980571428571429
54	67	0.998857142857143
55	67	0.972571428571429
56	67	0.962285714285714
57	67	0.979428571428571
58	67	0.994285714285714
59	67	0.941714285714286
60	67	0.981714285714286
61	67	0.992
63	67	1
65	67	0.993142857142857
66	67	0.997714285714286
1	68	0.993142857142857
2	68	0.985142857142857
3	68	0.931428571428571
4	68	0.968
5	68	0.957714285714286
6	68	0.965714285714286
7	68	0.993142857142857
9	68	0.930285714285714
10	68	0.987428571428572
11	68	0.981714285714286
12	68	0.963428571428572
13	68	0.934857142857143
14	68	0.957714285714286
15	68	0.934857142857143
16	68	0.972571428571429
17	68	0.952
18	68	0.939428571428572
20	68	0.937142857142857
21	68	0.964571428571429
22	68	0.936
23	68	0.429714285714286
24	68	0.955428571428572
25	68	0.956571428571429
26	68	0.914285714285714
27	68	0.939428571428572
28	68	0.890285714285714
29	68	0.942857142857143
30	68	0.976
31	68	0.996571428571429
32	68	0.940571428571429
33	68	0.994285714285714
35	68	0.992
38	68	0.957714285714286
39	68	0.968
40	68	0.946285714285714
41	68	0.962285714285714
42	68	0.992
43	68	0.944
44	68	0.949714285714286
45	68	0.963428571428572
46	68	0.954285714285714
47	68	0.977142857142857
48	68	0.982857142857143
49	68	0.972571428571429
50	68	0.989714285714286
51	68	0.961142857142857
52	68	0.993142857142857
53	68	0.941714285714286
54	68	0.962285714285714
55	68	0.933714285714286
56	68	0.998857142857143
57	68	0.940571428571429
58	68	0.966857142857143
59	68	0.902857142857143
60	68	0.942857142857143
61	68	0.953142857142857
63	68	0.961142857142857
65	68	0.954285714285714
66	68	0.958857142857143
67	68	0.961142857142857
1	69	0.987428571428571
2	69	0.979428571428571
3	69	0.925714285714286
4	69	0.962285714285714
5	69	0.952
6	69	0.96
7	69	0.998857142857143
9	69	0.924571428571429
10	69	0.981714285714286
11	69	0.976
12	69	0.957714285714286
13	69	0.929142857142857
14	69	0.952
15	69	0.929142857142857
16	69	0.966857142857143
17	69	0.946285714285714
18	69	0.933714285714286
20	69	0.931428571428571
21	69	0.958857142857143
22	69	0.930285714285714
23	69	0.424
24	69	0.949714285714286
25	69	0.950857142857143
26	69	0.908571428571428
27	69	0.933714285714286
28	69	0.884571428571428
29	69	0.937142857142857
30	69	0.970285714285714
31	69	0.990857142857143
32	69	0.934857142857143
33	69	0.988571428571429
35	69	0.986285714285714
38	69	0.952
39	69	0.962285714285714
40	69	0.940571428571429
41	69	0.956571428571429
42	69	0.986285714285714
43	69	0.938285714285714
44	69	0.944
45	69	0.957714285714286
46	69	0.948571428571429
47	69	0.971428571428571
48	69	0.977142857142857
49	69	0.966857142857143
50	69	0.995428571428571
51	69	0.955428571428571
52	69	0.987428571428571
53	69	0.936
54	69	0.956571428571429
55	69	0.928
56	69	0.993142857142857
57	69	0.934857142857143
58	69	0.961142857142857
59	69	0.897142857142857
60	69	0.937142857142857
61	69	0.947428571428571
63	69	0.955428571428571
65	69	0.948571428571429
66	69	0.953142857142857
67	69	0.955428571428571
68	69	0.994285714285714
1	70	0.989714285714286
2	70	0.997714285714286
3	70	0.948571428571429
4	70	0.985142857142857
5	70	0.974857142857143
6	70	0.982857142857143
7	70	0.976
9	70	0.947428571428571
10	70	0.995428571428571
11	70	0.998857142857143
12	70	0.980571428571429
13	70	0.952
14	70	0.974857142857143
15	70	0.952
16	70	0.989714285714286
17	70	0.969142857142857
18	70	0.956571428571429
20	70	0.954285714285714
21	70	0.981714285714286
22	70	0.953142857142857
23	70	0.446857142857143
24	70	0.972571428571429
25	70	0.973714285714286
26	70	0.931428571428571
27	70	0.956571428571429
28	70	0.907428571428571
29	70	0.96
30	70	0.993142857142857
31	70	0.986285714285714
32	70	0.957714285714286
33	70	0.988571428571429
35	70	0.990857142857143
38	70	0.974857142857143
39	70	0.985142857142857
40	70	0.963428571428571
41	70	0.979428571428571
42	70	0.990857142857143
43	70	0.961142857142857
44	70	0.966857142857143
45	70	0.980571428571429
46	70	0.971428571428571
47	70	0.994285714285714
48	70	1
49	70	0.989714285714286
50	70	0.972571428571429
51	70	0.978285714285714
52	70	0.989714285714286
53	70	0.958857142857143
54	70	0.979428571428571
55	70	0.950857142857143
56	70	0.984
57	70	0.957714285714286
58	70	0.984
59	70	0.92
60	70	0.96
61	70	0.970285714285714
63	70	0.978285714285714
65	70	0.971428571428571
66	70	0.976
67	70	0.978285714285714
68	70	0.982857142857143
69	70	0.977142857142857
1	71	0.974857142857143
2	71	0.982857142857143
3	71	0.963428571428571
4	71	1
5	71	0.989714285714286
6	71	0.997714285714286
7	71	0.961142857142857
9	71	0.962285714285714
10	71	0.980571428571429
11	71	0.986285714285714
12	71	0.995428571428571
13	71	0.966857142857143
14	71	0.989714285714286
15	71	0.966857142857143
16	71	0.995428571428571
17	71	0.984
18	71	0.971428571428571
20	71	0.969142857142857
21	71	0.996571428571429
22	71	0.968
23	71	0.461714285714286
24	71	0.987428571428571
25	71	0.988571428571429
26	71	0.946285714285714
27	71	0.971428571428571
28	71	0.922285714285714
29	71	0.974857142857143
30	71	0.992
31	71	0.971428571428571
32	71	0.972571428571429
33	71	0.973714285714286
35	71	0.976
38	71	0.989714285714286
39	71	1
40	71	0.978285714285714
41	71	0.994285714285714
42	71	0.976
43	71	0.976
44	71	0.981714285714286
45	71	0.995428571428571
46	71	0.986285714285714
47	71	0.990857142857143
48	71	0.985142857142857
49	71	0.995428571428571
50	71	0.957714285714286
51	71	0.993142857142857
52	71	0.974857142857143
53	71	0.973714285714286
54	71	0.994285714285714
55	71	0.965714285714286
56	71	0.969142857142857
57	71	0.972571428571429
58	71	0.998857142857143
59	71	0.934857142857143
60	71	0.974857142857143
61	71	0.985142857142857
63	71	0.993142857142857
65	71	0.986285714285714
66	71	0.990857142857143
67	71	0.993142857142857
68	71	0.968
69	71	0.962285714285714
70	71	0.985142857142857
1	72	0.973714285714286
2	72	0.981714285714286
3	72	0.964571428571429
4	72	0.998857142857143
5	72	0.990857142857143
6	72	0.998857142857143
7	72	0.96
9	72	0.963428571428572
10	72	0.979428571428571
11	72	0.985142857142857
12	72	0.996571428571429
13	72	0.968
14	72	0.990857142857143
15	72	0.968
16	72	0.994285714285714
17	72	0.985142857142857
18	72	0.972571428571429
20	72	0.970285714285714
21	72	0.997714285714286
22	72	0.969142857142857
23	72	0.462857142857143
24	72	0.988571428571429
25	72	0.989714285714286
26	72	0.947428571428571
27	72	0.972571428571429
28	72	0.923428571428571
29	72	0.976
30	72	0.990857142857143
31	72	0.970285714285714
32	72	0.973714285714286
33	72	0.972571428571429
35	72	0.974857142857143
38	72	0.990857142857143
39	72	0.998857142857143
40	72	0.979428571428571
41	72	0.995428571428572
42	72	0.974857142857143
43	72	0.977142857142857
44	72	0.982857142857143
45	72	0.996571428571429
46	72	0.987428571428572
47	72	0.989714285714286
48	72	0.984
49	72	0.994285714285714
50	72	0.956571428571429
51	72	0.994285714285714
52	72	0.973714285714286
53	72	0.974857142857143
54	72	0.995428571428572
55	72	0.966857142857143
56	72	0.968
57	72	0.973714285714286
58	72	1
59	72	0.936
60	72	0.976
61	72	0.986285714285714
63	72	0.994285714285714
65	72	0.987428571428572
66	72	0.992
67	72	0.994285714285714
68	72	0.966857142857143
69	72	0.961142857142857
70	72	0.984
71	72	0.998857142857143
1	73	0.972571428571429
2	73	0.980571428571429
3	73	0.965714285714286
4	73	0.997714285714286
5	73	0.992
6	73	1
7	73	0.958857142857143
9	73	0.964571428571429
10	73	0.978285714285714
11	73	0.984
12	73	0.997714285714286
13	73	0.969142857142857
14	73	0.992
15	73	0.969142857142857
16	73	0.993142857142857
17	73	0.986285714285714
18	73	0.973714285714286
20	73	0.971428571428571
21	73	0.998857142857143
22	73	0.970285714285714
23	73	0.464
24	73	0.989714285714286
25	73	0.990857142857143
26	73	0.948571428571429
27	73	0.973714285714286
28	73	0.924571428571429
29	73	0.977142857142857
30	73	0.989714285714286
31	73	0.969142857142857
32	73	0.974857142857143
33	73	0.971428571428571
35	73	0.973714285714286
38	73	0.992
39	73	0.997714285714286
40	73	0.980571428571429
41	73	0.996571428571429
42	73	0.973714285714286
43	73	0.978285714285714
44	73	0.984
45	73	0.997714285714286
46	73	0.988571428571429
47	73	0.988571428571429
48	73	0.982857142857143
49	73	0.993142857142857
50	73	0.955428571428571
51	73	0.995428571428571
52	73	0.972571428571429
53	73	0.976
54	73	0.996571428571429
55	73	0.968
56	73	0.966857142857143
57	73	0.974857142857143
58	73	0.998857142857143
59	73	0.937142857142857
60	73	0.977142857142857
61	73	0.987428571428572
63	73	0.995428571428571
65	73	0.988571428571429
66	73	0.993142857142857
67	73	0.995428571428571
68	73	0.965714285714286
69	73	0.96
70	73	0.982857142857143
71	73	0.997714285714286
72	73	0.998857142857143
8	74	0.993142857142857
19	74	0.970285714285714
23	74	0.587428571428571
34	74	0.936
36	74	0.977142857142857
37	74	0.976
62	74	0.897142857142857
64	74	0.949714285714286
1	75	0.962285714285714
2	75	0.970285714285714
3	75	0.976
4	75	0.987428571428571
5	75	0.997714285714286
6	75	0.989714285714286
7	75	0.948571428571429
9	75	0.974857142857143
10	75	0.968
11	75	0.973714285714286
12	75	0.992
13	75	0.979428571428571
14	75	0.997714285714286
15	75	0.979428571428571
16	75	0.982857142857143
17	75	0.996571428571429
18	75	0.984
20	75	0.981714285714286
21	75	0.990857142857143
22	75	0.980571428571429
23	75	0.474285714285714
24	75	1
25	75	0.998857142857143
26	75	0.958857142857143
27	75	0.984
28	75	0.934857142857143
29	75	0.987428571428571
30	75	0.979428571428571
31	75	0.958857142857143
32	75	0.985142857142857
33	75	0.961142857142857
35	75	0.963428571428571
38	75	0.997714285714286
39	75	0.987428571428571
40	75	0.990857142857143
41	75	0.993142857142857
42	75	0.963428571428571
43	75	0.988571428571429
44	75	0.994285714285714
45	75	0.992
46	75	0.998857142857143
47	75	0.978285714285714
48	75	0.972571428571429
49	75	0.982857142857143
50	75	0.945142857142857
51	75	0.994285714285714
52	75	0.962285714285714
53	75	0.986285714285714
54	75	0.993142857142857
55	75	0.978285714285714
56	75	0.956571428571429
57	75	0.985142857142857
58	75	0.988571428571429
59	75	0.947428571428571
60	75	0.987428571428571
61	75	0.997714285714286
63	75	0.994285714285714
65	75	0.998857142857143
66	75	0.996571428571429
67	75	0.994285714285714
68	75	0.955428571428572
69	75	0.949714285714286
70	75	0.972571428571429
71	75	0.987428571428571
72	75	0.988571428571429
73	75	0.989714285714286
1	76	0.891428571428571
2	76	0.899428571428571
3	76	0.953142857142857
4	76	0.916571428571428
5	76	0.926857142857143
6	76	0.918857142857143
7	76	0.877714285714286
9	76	0.954285714285714
10	76	0.897142857142857
11	76	0.902857142857143
12	76	0.921142857142857
13	76	0.949714285714286
14	76	0.926857142857143
15	76	0.949714285714286
16	76	0.912
17	76	0.932571428571429
18	76	0.945142857142857
20	76	0.947428571428571
21	76	0.92
22	76	0.948571428571429
23	76	0.545142857142857
24	76	0.929142857142857
25	76	0.928
26	76	0.970285714285714
27	76	0.945142857142857
28	76	0.994285714285714
29	76	0.941714285714286
30	76	0.908571428571429
31	76	0.888
32	76	0.944
33	76	0.890285714285714
35	76	0.892571428571429
38	76	0.926857142857143
39	76	0.916571428571428
40	76	0.938285714285714
41	76	0.922285714285714
42	76	0.892571428571429
43	76	0.940571428571429
44	76	0.934857142857143
45	76	0.921142857142857
46	76	0.930285714285714
47	76	0.907428571428571
48	76	0.901714285714286
49	76	0.912
50	76	0.874285714285714
51	76	0.923428571428571
52	76	0.891428571428571
53	76	0.942857142857143
54	76	0.922285714285714
55	76	0.950857142857143
56	76	0.885714285714286
57	76	0.944
58	76	0.917714285714286
59	76	0.981714285714286
60	76	0.941714285714286
61	76	0.931428571428571
63	76	0.923428571428571
65	76	0.930285714285714
66	76	0.925714285714286
67	76	0.923428571428571
68	76	0.884571428571429
69	76	0.878857142857143
70	76	0.901714285714286
71	76	0.916571428571428
72	76	0.917714285714286
73	76	0.918857142857143
75	76	0.929142857142857
1	77	0.841142857142857
2	77	0.849142857142857
3	77	0.902857142857143
4	77	0.866285714285714
5	77	0.876571428571429
6	77	0.868571428571429
7	77	0.827428571428571
9	77	0.904
10	77	0.846857142857143
11	77	0.852571428571429
12	77	0.870857142857143
13	77	0.899428571428571
14	77	0.876571428571429
15	77	0.899428571428571
16	77	0.861714285714286
17	77	0.882285714285714
18	77	0.894857142857143
20	77	0.897142857142857
21	77	0.869714285714286
22	77	0.898285714285714
23	77	0.595428571428571
24	77	0.878857142857143
25	77	0.877714285714286
26	77	0.92
27	77	0.894857142857143
28	77	0.944
29	77	0.891428571428571
30	77	0.858285714285714
31	77	0.837714285714286
32	77	0.893714285714286
33	77	0.84
35	77	0.842285714285714
38	77	0.876571428571429
39	77	0.866285714285714
40	77	0.888
41	77	0.872
42	77	0.842285714285714
43	77	0.890285714285714
44	77	0.884571428571429
45	77	0.870857142857143
46	77	0.88
47	77	0.857142857142857
48	77	0.851428571428571
49	77	0.861714285714286
50	77	0.824
51	77	0.873142857142857
52	77	0.841142857142857
53	77	0.892571428571429
54	77	0.872
55	77	0.900571428571429
56	77	0.835428571428572
57	77	0.893714285714286
58	77	0.867428571428572
59	77	0.931428571428571
60	77	0.891428571428571
61	77	0.881142857142857
63	77	0.873142857142857
65	77	0.88
66	77	0.875428571428571
67	77	0.873142857142857
68	77	0.834285714285714
69	77	0.828571428571429
70	77	0.851428571428571
71	77	0.866285714285714
72	77	0.867428571428572
73	77	0.868571428571429
75	77	0.878857142857143
76	77	0.949714285714286
1	78	0.986285714285714
2	78	0.994285714285714
3	78	0.952
4	78	0.988571428571429
5	78	0.978285714285714
6	78	0.986285714285714
7	78	0.972571428571429
9	78	0.950857142857143
10	78	0.992
11	78	0.997714285714286
12	78	0.984
13	78	0.955428571428572
14	78	0.978285714285714
15	78	0.955428571428572
16	78	0.993142857142857
17	78	0.972571428571429
18	78	0.96
20	78	0.957714285714286
21	78	0.985142857142857
22	78	0.956571428571429
23	78	0.450285714285714
24	78	0.976
25	78	0.977142857142857
26	78	0.934857142857143
27	78	0.96
28	78	0.910857142857143
29	78	0.963428571428571
30	78	0.996571428571429
31	78	0.982857142857143
32	78	0.961142857142857
33	78	0.985142857142857
35	78	0.987428571428571
38	78	0.978285714285714
39	78	0.988571428571429
40	78	0.966857142857143
41	78	0.982857142857143
42	78	0.987428571428571
43	78	0.964571428571429
44	78	0.970285714285714
45	78	0.984
46	78	0.974857142857143
47	78	0.997714285714286
48	78	0.996571428571429
49	78	0.993142857142857
50	78	0.969142857142857
51	78	0.981714285714286
52	78	0.986285714285714
53	78	0.962285714285714
54	78	0.982857142857143
55	78	0.954285714285714
56	78	0.980571428571429
57	78	0.961142857142857
58	78	0.987428571428571
59	78	0.923428571428571
60	78	0.963428571428571
61	78	0.973714285714286
63	78	0.981714285714286
65	78	0.974857142857143
66	78	0.979428571428571
67	78	0.981714285714286
68	78	0.979428571428571
69	78	0.973714285714286
70	78	0.996571428571429
71	78	0.988571428571429
72	78	0.987428571428571
73	78	0.986285714285714
75	78	0.976
76	78	0.905142857142857
77	78	0.854857142857143
1	79	0.990857142857143
2	79	0.998857142857143
3	79	0.947428571428571
4	79	0.984
5	79	0.973714285714286
6	79	0.981714285714286
7	79	0.977142857142857
9	79	0.946285714285714
10	79	0.996571428571429
11	79	0.997714285714286
12	79	0.979428571428571
13	79	0.950857142857143
14	79	0.973714285714286
15	79	0.950857142857143
16	79	0.988571428571429
17	79	0.968
18	79	0.955428571428572
20	79	0.953142857142857
21	79	0.980571428571429
22	79	0.952
23	79	0.445714285714286
24	79	0.971428571428571
25	79	0.972571428571429
26	79	0.930285714285714
27	79	0.955428571428572
28	79	0.906285714285714
29	79	0.958857142857143
30	79	0.992
31	79	0.987428571428571
32	79	0.956571428571429
33	79	0.989714285714286
35	79	0.992
38	79	0.973714285714286
39	79	0.984
40	79	0.962285714285714
41	79	0.978285714285714
42	79	0.992
43	79	0.96
44	79	0.965714285714286
45	79	0.979428571428571
46	79	0.970285714285714
47	79	0.993142857142857
48	79	0.998857142857143
49	79	0.988571428571429
50	79	0.973714285714286
51	79	0.977142857142857
52	79	0.990857142857143
53	79	0.957714285714286
54	79	0.978285714285714
55	79	0.949714285714286
56	79	0.985142857142857
57	79	0.956571428571429
58	79	0.982857142857143
59	79	0.918857142857143
60	79	0.958857142857143
61	79	0.969142857142857
63	79	0.977142857142857
65	79	0.970285714285714
66	79	0.974857142857143
67	79	0.977142857142857
68	79	0.984
69	79	0.978285714285714
70	79	0.998857142857143
71	79	0.984
72	79	0.982857142857143
73	79	0.981714285714286
75	79	0.971428571428571
76	79	0.900571428571429
77	79	0.850285714285714
78	79	0.995428571428571
1	80	0.979428571428571
2	80	0.987428571428572
3	80	0.958857142857143
4	80	0.995428571428571
5	80	0.985142857142857
6	80	0.993142857142857
7	80	0.965714285714286
9	80	0.957714285714286
10	80	0.985142857142857
11	80	0.990857142857143
12	80	0.990857142857143
13	80	0.962285714285714
14	80	0.985142857142857
15	80	0.962285714285714
16	80	1
17	80	0.979428571428571
18	80	0.966857142857143
20	80	0.964571428571429
21	80	0.992
22	80	0.963428571428571
23	80	0.457142857142857
24	80	0.982857142857143
25	80	0.984
26	80	0.941714285714286
27	80	0.966857142857143
28	80	0.917714285714286
29	80	0.970285714285714
30	80	0.996571428571429
31	80	0.976
32	80	0.968
33	80	0.978285714285714
35	80	0.980571428571429
38	80	0.985142857142857
39	80	0.995428571428571
40	80	0.973714285714286
41	80	0.989714285714286
42	80	0.980571428571429
43	80	0.971428571428571
44	80	0.977142857142857
45	80	0.990857142857143
46	80	0.981714285714286
47	80	0.995428571428571
48	80	0.989714285714286
49	80	1
50	80	0.962285714285714
51	80	0.988571428571429
52	80	0.979428571428571
53	80	0.969142857142857
54	80	0.989714285714286
55	80	0.961142857142857
56	80	0.973714285714286
57	80	0.968
58	80	0.994285714285714
59	80	0.930285714285714
60	80	0.970285714285714
61	80	0.980571428571429
63	80	0.988571428571429
65	80	0.981714285714286
66	80	0.986285714285714
67	80	0.988571428571429
68	80	0.972571428571429
69	80	0.966857142857143
70	80	0.989714285714286
71	80	0.995428571428571
72	80	0.994285714285714
73	80	0.993142857142857
75	80	0.982857142857143
76	80	0.912
77	80	0.861714285714286
78	80	0.993142857142857
79	80	0.988571428571429
1	81	0.936
2	81	0.944
3	81	0.997714285714286
4	81	0.961142857142857
5	81	0.971428571428571
6	81	0.963428571428572
7	81	0.922285714285714
9	81	0.998857142857143
10	81	0.941714285714286
11	81	0.947428571428571
12	81	0.965714285714286
13	81	0.994285714285714
14	81	0.971428571428571
15	81	0.994285714285714
16	81	0.956571428571429
17	81	0.977142857142857
18	81	0.989714285714286
20	81	0.992
21	81	0.964571428571429
22	81	0.993142857142857
23	81	0.500571428571429
24	81	0.973714285714286
25	81	0.972571428571429
26	81	0.985142857142857
27	81	0.989714285714286
28	81	0.961142857142857
29	81	0.986285714285714
30	81	0.953142857142857
31	81	0.932571428571429
32	81	0.988571428571429
33	81	0.934857142857143
35	81	0.937142857142857
38	81	0.971428571428571
39	81	0.961142857142857
40	81	0.982857142857143
41	81	0.966857142857143
42	81	0.937142857142857
43	81	0.985142857142857
44	81	0.979428571428571
45	81	0.965714285714286
46	81	0.974857142857143
47	81	0.952
48	81	0.946285714285714
49	81	0.956571428571429
50	81	0.918857142857143
51	81	0.968
52	81	0.936
53	81	0.987428571428572
54	81	0.966857142857143
55	81	0.995428571428571
56	81	0.930285714285714
57	81	0.988571428571429
58	81	0.962285714285714
59	81	0.973714285714286
60	81	0.986285714285714
61	81	0.976
63	81	0.968
65	81	0.974857142857143
66	81	0.970285714285714
67	81	0.968
68	81	0.929142857142857
69	81	0.923428571428571
70	81	0.946285714285714
71	81	0.961142857142857
72	81	0.962285714285714
73	81	0.963428571428572
75	81	0.973714285714286
76	81	0.955428571428571
77	81	0.905142857142857
78	81	0.949714285714286
79	81	0.945142857142857
80	81	0.956571428571429
1	82	0.982857142857143
2	82	0.974857142857143
3	82	0.921142857142857
4	82	0.957714285714286
5	82	0.947428571428571
6	82	0.955428571428571
7	82	0.996571428571429
9	82	0.92
10	82	0.977142857142857
11	82	0.971428571428571
12	82	0.953142857142857
13	82	0.924571428571429
14	82	0.947428571428571
15	82	0.924571428571429
16	82	0.962285714285714
17	82	0.941714285714286
18	82	0.929142857142857
20	82	0.926857142857143
21	82	0.954285714285714
22	82	0.925714285714286
23	82	0.419428571428571
24	82	0.945142857142857
25	82	0.946285714285714
26	82	0.904
27	82	0.929142857142857
28	82	0.88
29	82	0.932571428571428
30	82	0.965714285714286
31	82	0.986285714285714
32	82	0.930285714285714
33	82	0.984
35	82	0.981714285714286
38	82	0.947428571428571
39	82	0.957714285714286
40	82	0.936
41	82	0.952
42	82	0.981714285714286
43	82	0.933714285714286
44	82	0.939428571428571
45	82	0.953142857142857
46	82	0.944
47	82	0.966857142857143
48	82	0.972571428571429
49	82	0.962285714285714
50	82	1
51	82	0.950857142857143
52	82	0.982857142857143
53	82	0.931428571428571
54	82	0.952
55	82	0.923428571428571
56	82	0.988571428571429
57	82	0.930285714285714
58	82	0.956571428571429
59	82	0.892571428571429
60	82	0.932571428571428
61	82	0.942857142857143
63	82	0.950857142857143
65	82	0.944
66	82	0.948571428571429
67	82	0.950857142857143
68	82	0.989714285714286
69	82	0.995428571428571
70	82	0.972571428571429
71	82	0.957714285714286
72	82	0.956571428571429
73	82	0.955428571428571
75	82	0.945142857142857
76	82	0.874285714285714
77	82	0.824
78	82	0.969142857142857
79	82	0.973714285714286
80	82	0.962285714285714
81	82	0.918857142857143
1	83	0.995428571428571
2	83	0.996571428571429
3	83	0.942857142857143
4	83	0.979428571428571
5	83	0.969142857142857
6	83	0.977142857142857
7	83	0.981714285714286
9	83	0.941714285714286
10	83	0.998857142857143
11	83	0.993142857142857
12	83	0.974857142857143
13	83	0.946285714285714
14	83	0.969142857142857
15	83	0.946285714285714
16	83	0.984
17	83	0.963428571428571
18	83	0.950857142857143
20	83	0.948571428571429
21	83	0.976
22	83	0.947428571428571
23	83	0.441142857142857
24	83	0.966857142857143
25	83	0.968
26	83	0.925714285714286
27	83	0.950857142857143
28	83	0.901714285714286
29	83	0.954285714285714
30	83	0.987428571428571
31	83	0.992
32	83	0.952
33	83	0.994285714285714
35	83	0.996571428571429
38	83	0.969142857142857
39	83	0.979428571428571
40	83	0.957714285714286
41	83	0.973714285714286
42	83	0.996571428571429
43	83	0.955428571428572
44	83	0.961142857142857
45	83	0.974857142857143
46	83	0.965714285714286
47	83	0.988571428571429
48	83	0.994285714285714
49	83	0.984
50	83	0.978285714285714
51	83	0.972571428571429
52	83	0.995428571428571
53	83	0.953142857142857
54	83	0.973714285714286
55	83	0.945142857142857
56	83	0.989714285714286
57	83	0.952
58	83	0.978285714285714
59	83	0.914285714285714
60	83	0.954285714285714
61	83	0.964571428571429
63	83	0.972571428571429
65	83	0.965714285714286
66	83	0.970285714285714
67	83	0.972571428571429
68	83	0.988571428571429
69	83	0.982857142857143
70	83	0.994285714285714
71	83	0.979428571428571
72	83	0.978285714285714
73	83	0.977142857142857
75	83	0.966857142857143
76	83	0.896
77	83	0.845714285714286
78	83	0.990857142857143
79	83	0.995428571428571
80	83	0.984
81	83	0.940571428571429
82	83	0.978285714285714
1	84	0.958857142857143
2	84	0.966857142857143
3	84	0.979428571428571
4	84	0.984
5	84	0.994285714285714
6	84	0.986285714285714
7	84	0.945142857142857
9	84	0.978285714285714
10	84	0.964571428571429
11	84	0.970285714285714
12	84	0.988571428571429
13	84	0.982857142857143
14	84	0.994285714285714
15	84	0.982857142857143
16	84	0.979428571428571
17	84	1
18	84	0.987428571428572
20	84	0.985142857142857
21	84	0.987428571428571
22	84	0.984
23	84	0.477714285714286
24	84	0.996571428571429
25	84	0.995428571428571
26	84	0.962285714285714
27	84	0.987428571428572
28	84	0.938285714285714
29	84	0.990857142857143
30	84	0.976
31	84	0.955428571428571
32	84	0.988571428571429
33	84	0.957714285714286
35	84	0.96
38	84	0.994285714285714
39	84	0.984
40	84	0.994285714285714
41	84	0.989714285714286
42	84	0.96
43	84	0.992
44	84	0.997714285714286
45	84	0.988571428571429
46	84	0.997714285714286
47	84	0.974857142857143
48	84	0.969142857142857
49	84	0.979428571428571
50	84	0.941714285714286
51	84	0.990857142857143
52	84	0.958857142857143
53	84	0.989714285714286
54	84	0.989714285714286
55	84	0.981714285714286
56	84	0.953142857142857
57	84	0.988571428571429
58	84	0.985142857142857
59	84	0.950857142857143
60	84	0.990857142857143
61	84	0.998857142857143
63	84	0.990857142857143
65	84	0.997714285714286
66	84	0.993142857142857
67	84	0.990857142857143
68	84	0.952
69	84	0.946285714285714
70	84	0.969142857142857
71	84	0.984
72	84	0.985142857142857
73	84	0.986285714285714
75	84	0.996571428571429
76	84	0.932571428571429
77	84	0.882285714285714
78	84	0.972571428571429
79	84	0.968
80	84	0.979428571428571
81	84	0.977142857142857
82	84	0.941714285714286
83	84	0.963428571428571
1	85	0.982857142857143
2	85	0.990857142857143
3	85	0.955428571428572
4	85	0.992
5	85	0.981714285714286
6	85	0.989714285714286
7	85	0.969142857142857
9	85	0.954285714285714
10	85	0.988571428571429
11	85	0.994285714285714
12	85	0.987428571428572
13	85	0.958857142857143
14	85	0.981714285714286
15	85	0.958857142857143
16	85	0.996571428571429
17	85	0.976
18	85	0.963428571428572
20	85	0.961142857142857
21	85	0.988571428571429
22	85	0.96
23	85	0.453714285714286
24	85	0.979428571428571
25	85	0.980571428571429
26	85	0.938285714285714
27	85	0.963428571428572
28	85	0.914285714285714
29	85	0.966857142857143
30	85	1
31	85	0.979428571428571
32	85	0.964571428571429
33	85	0.981714285714286
35	85	0.984
38	85	0.981714285714286
39	85	0.992
40	85	0.970285714285714
41	85	0.986285714285714
42	85	0.984
43	85	0.968
44	85	0.973714285714286
45	85	0.987428571428572
46	85	0.978285714285714
47	85	0.998857142857143
48	85	0.993142857142857
49	85	0.996571428571429
50	85	0.965714285714286
51	85	0.985142857142857
52	85	0.982857142857143
53	85	0.965714285714286
54	85	0.986285714285714
55	85	0.957714285714286
56	85	0.977142857142857
57	85	0.964571428571429
58	85	0.990857142857143
59	85	0.926857142857143
60	85	0.966857142857143
61	85	0.977142857142857
63	85	0.985142857142857
65	85	0.978285714285714
66	85	0.982857142857143
67	85	0.985142857142857
68	85	0.976
69	85	0.970285714285714
70	85	0.993142857142857
71	85	0.992
72	85	0.990857142857143
73	85	0.989714285714286
75	85	0.979428571428571
76	85	0.908571428571429
77	85	0.858285714285714
78	85	0.996571428571429
79	85	0.992
80	85	0.996571428571429
81	85	0.953142857142857
82	85	0.965714285714286
83	85	0.987428571428571
84	85	0.976
1	86	0.994285714285714
2	86	0.986285714285714
3	86	0.932571428571429
4	86	0.969142857142857
5	86	0.958857142857143
6	86	0.966857142857143
7	86	0.992
9	86	0.931428571428571
10	86	0.988571428571429
11	86	0.982857142857143
12	86	0.964571428571429
13	86	0.936
14	86	0.958857142857143
15	86	0.936
16	86	0.973714285714286
17	86	0.953142857142857
18	86	0.940571428571429
20	86	0.938285714285714
21	86	0.965714285714286
22	86	0.937142857142857
23	86	0.430857142857143
24	86	0.956571428571429
25	86	0.957714285714286
26	86	0.915428571428571
27	86	0.940571428571429
28	86	0.891428571428571
29	86	0.944
30	86	0.977142857142857
31	86	0.997714285714286
32	86	0.941714285714286
33	86	0.995428571428571
35	86	0.993142857142857
38	86	0.958857142857143
39	86	0.969142857142857
40	86	0.947428571428571
41	86	0.963428571428572
42	86	0.993142857142857
43	86	0.945142857142857
44	86	0.950857142857143
45	86	0.964571428571429
46	86	0.955428571428572
47	86	0.978285714285714
48	86	0.984
49	86	0.973714285714286
50	86	0.988571428571429
51	86	0.962285714285714
52	86	0.994285714285714
53	86	0.942857142857143
54	86	0.963428571428572
55	86	0.934857142857143
56	86	1
57	86	0.941714285714286
58	86	0.968
59	86	0.904
60	86	0.944
61	86	0.954285714285714
63	86	0.962285714285714
65	86	0.955428571428572
66	86	0.96
67	86	0.962285714285714
68	86	0.998857142857143
69	86	0.993142857142857
70	86	0.984
71	86	0.969142857142857
72	86	0.968
73	86	0.966857142857143
75	86	0.956571428571429
76	86	0.885714285714286
77	86	0.835428571428572
78	86	0.980571428571429
79	86	0.985142857142857
80	86	0.973714285714286
81	86	0.930285714285714
82	86	0.988571428571429
83	86	0.989714285714286
84	86	0.953142857142857
85	86	0.977142857142857
1	87	0.996571428571429
2	87	0.995428571428571
3	87	0.941714285714286
4	87	0.978285714285714
5	87	0.968
6	87	0.976
7	87	0.982857142857143
9	87	0.940571428571429
10	87	0.997714285714286
11	87	0.992
12	87	0.973714285714286
13	87	0.945142857142857
14	87	0.968
15	87	0.945142857142857
16	87	0.982857142857143
17	87	0.962285714285714
18	87	0.949714285714286
20	87	0.947428571428571
21	87	0.974857142857143
22	87	0.946285714285714
23	87	0.44
24	87	0.965714285714286
25	87	0.966857142857143
26	87	0.924571428571429
27	87	0.949714285714286
28	87	0.900571428571429
29	87	0.953142857142857
30	87	0.986285714285714
31	87	0.993142857142857
32	87	0.950857142857143
33	87	0.995428571428571
35	87	0.997714285714286
38	87	0.968
39	87	0.978285714285714
40	87	0.956571428571429
41	87	0.972571428571429
42	87	0.997714285714286
43	87	0.954285714285714
44	87	0.96
45	87	0.973714285714286
46	87	0.964571428571429
47	87	0.987428571428572
48	87	0.993142857142857
49	87	0.982857142857143
50	87	0.979428571428571
51	87	0.971428571428571
52	87	0.996571428571429
53	87	0.952
54	87	0.972571428571429
55	87	0.944
56	87	0.990857142857143
57	87	0.950857142857143
58	87	0.977142857142857
59	87	0.913142857142857
60	87	0.953142857142857
61	87	0.963428571428572
63	87	0.971428571428571
65	87	0.964571428571429
66	87	0.969142857142857
67	87	0.971428571428571
68	87	0.989714285714286
69	87	0.984
70	87	0.993142857142857
71	87	0.978285714285714
72	87	0.977142857142857
73	87	0.976
75	87	0.965714285714286
76	87	0.894857142857143
77	87	0.844571428571429
78	87	0.989714285714286
79	87	0.994285714285714
80	87	0.982857142857143
81	87	0.939428571428572
82	87	0.979428571428571
83	87	0.998857142857143
84	87	0.962285714285714
85	87	0.986285714285714
86	87	0.990857142857143
1	88	0.986285714285714
2	88	0.994285714285714
3	88	0.952
4	88	0.988571428571429
5	88	0.978285714285714
6	88	0.986285714285714
7	88	0.972571428571429
9	88	0.950857142857143
10	88	0.992
11	88	0.997714285714286
12	88	0.984
13	88	0.955428571428572
14	88	0.978285714285714
15	88	0.955428571428572
16	88	0.993142857142857
17	88	0.972571428571429
18	88	0.96
20	88	0.957714285714286
21	88	0.985142857142857
22	88	0.956571428571429
23	88	0.450285714285714
24	88	0.976
25	88	0.977142857142857
26	88	0.934857142857143
27	88	0.96
28	88	0.910857142857143
29	88	0.963428571428571
30	88	0.996571428571429
31	88	0.982857142857143
32	88	0.961142857142857
33	88	0.985142857142857
35	88	0.987428571428571
38	88	0.978285714285714
39	88	0.988571428571429
40	88	0.966857142857143
41	88	0.982857142857143
42	88	0.987428571428571
43	88	0.964571428571429
44	88	0.970285714285714
45	88	0.984
46	88	0.974857142857143
47	88	0.997714285714286
48	88	0.996571428571429
49	88	0.993142857142857
50	88	0.969142857142857
51	88	0.981714285714286
52	88	0.986285714285714
53	88	0.962285714285714
54	88	0.982857142857143
55	88	0.954285714285714
56	88	0.980571428571429
57	88	0.961142857142857
58	88	0.987428571428571
59	88	0.923428571428571
60	88	0.963428571428571
61	88	0.973714285714286
63	88	0.981714285714286
65	88	0.974857142857143
66	88	0.979428571428571
67	88	0.981714285714286
68	88	0.979428571428571
69	88	0.973714285714286
70	88	0.996571428571429
71	88	0.988571428571429
72	88	0.987428571428571
73	88	0.986285714285714
75	88	0.976
76	88	0.905142857142857
77	88	0.854857142857143
78	88	1
79	88	0.995428571428571
80	88	0.993142857142857
81	88	0.949714285714286
82	88	0.969142857142857
83	88	0.990857142857143
84	88	0.972571428571429
85	88	0.996571428571429
86	88	0.980571428571429
87	88	0.989714285714286
1	89	0.873142857142857
2	89	0.881142857142857
3	89	0.934857142857143
4	89	0.898285714285714
5	89	0.908571428571428
6	89	0.900571428571429
7	89	0.859428571428571
9	89	0.936
10	89	0.878857142857143
11	89	0.884571428571428
12	89	0.902857142857143
13	89	0.931428571428571
14	89	0.908571428571428
15	89	0.931428571428571
16	89	0.893714285714286
17	89	0.914285714285714
18	89	0.926857142857143
20	89	0.929142857142857
21	89	0.901714285714286
22	89	0.930285714285714
23	89	0.563428571428572
24	89	0.910857142857143
25	89	0.909714285714286
26	89	0.952
27	89	0.926857142857143
28	89	0.976
29	89	0.923428571428571
30	89	0.890285714285714
31	89	0.869714285714286
32	89	0.925714285714286
33	89	0.872
35	89	0.874285714285714
38	89	0.908571428571428
39	89	0.898285714285714
40	89	0.92
41	89	0.904
42	89	0.874285714285714
43	89	0.922285714285714
44	89	0.916571428571428
45	89	0.902857142857143
46	89	0.912
47	89	0.889142857142857
48	89	0.883428571428571
49	89	0.893714285714286
50	89	0.856
51	89	0.905142857142857
52	89	0.873142857142857
53	89	0.924571428571429
54	89	0.904
55	89	0.932571428571428
56	89	0.867428571428571
57	89	0.925714285714286
58	89	0.899428571428571
59	89	0.963428571428571
60	89	0.923428571428571
61	89	0.913142857142857
63	89	0.905142857142857
65	89	0.912
66	89	0.907428571428571
67	89	0.905142857142857
68	89	0.866285714285714
69	89	0.860571428571429
70	89	0.883428571428571
71	89	0.898285714285714
72	89	0.899428571428571
73	89	0.900571428571429
75	89	0.910857142857143
76	89	0.981714285714286
77	89	0.968
78	89	0.886857142857143
79	89	0.882285714285714
80	89	0.893714285714286
81	89	0.937142857142857
82	89	0.856
83	89	0.877714285714286
84	89	0.914285714285714
85	89	0.890285714285714
86	89	0.867428571428571
87	89	0.876571428571429
88	89	0.886857142857143
1	90	0.96
2	90	0.968
3	90	0.978285714285714
4	90	0.985142857142857
5	90	0.995428571428571
6	90	0.987428571428572
7	90	0.946285714285714
9	90	0.977142857142857
10	90	0.965714285714286
11	90	0.971428571428571
12	90	0.989714285714286
13	90	0.981714285714286
14	90	0.995428571428571
15	90	0.981714285714286
16	90	0.980571428571429
17	90	0.998857142857143
18	90	0.986285714285714
20	90	0.984
21	90	0.988571428571429
22	90	0.982857142857143
23	90	0.476571428571429
24	90	0.997714285714286
25	90	0.996571428571429
26	90	0.961142857142857
27	90	0.986285714285714
28	90	0.937142857142857
29	90	0.989714285714286
30	90	0.977142857142857
31	90	0.956571428571429
32	90	0.987428571428571
33	90	0.958857142857143
35	90	0.961142857142857
38	90	0.995428571428571
39	90	0.985142857142857
40	90	0.993142857142857
41	90	0.990857142857143
42	90	0.961142857142857
43	90	0.990857142857143
44	90	0.996571428571429
45	90	0.989714285714286
46	90	0.998857142857143
47	90	0.976
48	90	0.970285714285714
49	90	0.980571428571429
50	90	0.942857142857143
51	90	0.992
52	90	0.96
53	90	0.988571428571429
54	90	0.990857142857143
55	90	0.980571428571429
56	90	0.954285714285714
57	90	0.987428571428571
58	90	0.986285714285714
59	90	0.949714285714286
60	90	0.989714285714286
61	90	1
63	90	0.992
65	90	0.998857142857143
66	90	0.994285714285714
67	90	0.992
68	90	0.953142857142857
69	90	0.947428571428571
70	90	0.970285714285714
71	90	0.985142857142857
72	90	0.986285714285714
73	90	0.987428571428572
75	90	0.997714285714286
76	90	0.931428571428571
77	90	0.881142857142857
78	90	0.973714285714286
79	90	0.969142857142857
80	90	0.980571428571429
81	90	0.976
82	90	0.942857142857143
83	90	0.964571428571429
84	90	0.998857142857143
85	90	0.977142857142857
86	90	0.954285714285714
87	90	0.963428571428572
88	90	0.973714285714286
89	90	0.913142857142857
1	91	0.990857142857143
2	91	0.998857142857143
3	91	0.947428571428571
4	91	0.984
5	91	0.973714285714286
6	91	0.981714285714286
7	91	0.977142857142857
9	91	0.946285714285714
10	91	0.996571428571429
11	91	0.997714285714286
12	91	0.979428571428571
13	91	0.950857142857143
14	91	0.973714285714286
15	91	0.950857142857143
16	91	0.988571428571429
17	91	0.968
18	91	0.955428571428572
20	91	0.953142857142857
21	91	0.980571428571429
22	91	0.952
23	91	0.445714285714286
24	91	0.971428571428571
25	91	0.972571428571429
26	91	0.930285714285714
27	91	0.955428571428572
28	91	0.906285714285714
29	91	0.958857142857143
30	91	0.992
31	91	0.987428571428571
32	91	0.956571428571429
33	91	0.989714285714286
35	91	0.992
38	91	0.973714285714286
39	91	0.984
40	91	0.962285714285714
41	91	0.978285714285714
42	91	0.992
43	91	0.96
44	91	0.965714285714286
45	91	0.979428571428571
46	91	0.970285714285714
47	91	0.993142857142857
48	91	0.998857142857143
49	91	0.988571428571429
50	91	0.973714285714286
51	91	0.977142857142857
52	91	0.990857142857143
53	91	0.957714285714286
54	91	0.978285714285714
55	91	0.949714285714286
56	91	0.985142857142857
57	91	0.956571428571429
58	91	0.982857142857143
59	91	0.918857142857143
60	91	0.958857142857143
61	91	0.969142857142857
63	91	0.977142857142857
65	91	0.970285714285714
66	91	0.974857142857143
67	91	0.977142857142857
68	91	0.984
69	91	0.978285714285714
70	91	0.998857142857143
71	91	0.984
72	91	0.982857142857143
73	91	0.981714285714286
75	91	0.971428571428571
76	91	0.900571428571429
77	91	0.850285714285714
78	91	0.995428571428571
79	91	1
80	91	0.988571428571429
81	91	0.945142857142857
82	91	0.973714285714286
83	91	0.995428571428571
84	91	0.968
85	91	0.992
86	91	0.985142857142857
87	91	0.994285714285714
88	91	0.995428571428571
89	91	0.882285714285714
90	91	0.969142857142857
1	92	0.954285714285714
2	92	0.962285714285714
3	92	0.984
4	92	0.979428571428571
5	92	0.989714285714286
6	92	0.981714285714286
7	92	0.940571428571429
9	92	0.982857142857143
10	92	0.96
11	92	0.965714285714286
12	92	0.984
13	92	0.987428571428572
14	92	0.989714285714286
15	92	0.987428571428572
16	92	0.974857142857143
17	92	0.995428571428571
18	92	0.992
20	92	0.989714285714286
21	92	0.982857142857143
22	92	0.988571428571429
23	92	0.482285714285714
24	92	0.992
25	92	0.990857142857143
26	92	0.966857142857143
27	92	0.992
28	92	0.942857142857143
29	92	0.995428571428571
30	92	0.971428571428571
31	92	0.950857142857143
32	92	0.993142857142857
33	92	0.953142857142857
35	92	0.955428571428571
38	92	0.989714285714286
39	92	0.979428571428571
40	92	0.998857142857143
41	92	0.985142857142857
42	92	0.955428571428571
43	92	0.996571428571429
44	92	0.997714285714286
45	92	0.984
46	92	0.993142857142857
47	92	0.970285714285714
48	92	0.964571428571429
49	92	0.974857142857143
50	92	0.937142857142857
51	92	0.986285714285714
52	92	0.954285714285714
53	92	0.994285714285714
54	92	0.985142857142857
55	92	0.986285714285714
56	92	0.948571428571429
57	92	0.993142857142857
58	92	0.980571428571429
59	92	0.955428571428572
60	92	0.995428571428571
61	92	0.994285714285714
63	92	0.986285714285714
65	92	0.993142857142857
66	92	0.988571428571429
67	92	0.986285714285714
68	92	0.947428571428571
69	92	0.941714285714286
70	92	0.964571428571429
71	92	0.979428571428571
72	92	0.980571428571429
73	92	0.981714285714286
75	92	0.992
76	92	0.937142857142857
77	92	0.886857142857143
78	92	0.968
79	92	0.963428571428571
80	92	0.974857142857143
81	92	0.981714285714286
82	92	0.937142857142857
83	92	0.958857142857143
84	92	0.995428571428571
85	92	0.971428571428571
86	92	0.948571428571429
87	92	0.957714285714286
88	92	0.968
89	92	0.918857142857143
90	92	0.994285714285714
91	92	0.963428571428571
1	93	0.958857142857143
2	93	0.966857142857143
3	93	0.979428571428571
4	93	0.984
5	93	0.994285714285714
6	93	0.986285714285714
7	93	0.945142857142857
9	93	0.978285714285714
10	93	0.964571428571429
11	93	0.970285714285714
12	93	0.988571428571429
13	93	0.982857142857143
14	93	0.994285714285714
15	93	0.982857142857143
16	93	0.979428571428571
17	93	1
18	93	0.987428571428572
20	93	0.985142857142857
21	93	0.987428571428571
22	93	0.984
23	93	0.477714285714286
24	93	0.996571428571429
25	93	0.995428571428571
26	93	0.962285714285714
27	93	0.987428571428572
28	93	0.938285714285714
29	93	0.990857142857143
30	93	0.976
31	93	0.955428571428571
32	93	0.988571428571429
33	93	0.957714285714286
35	93	0.96
38	93	0.994285714285714
39	93	0.984
40	93	0.994285714285714
41	93	0.989714285714286
42	93	0.96
43	93	0.992
44	93	0.997714285714286
45	93	0.988571428571429
46	93	0.997714285714286
47	93	0.974857142857143
48	93	0.969142857142857
49	93	0.979428571428571
50	93	0.941714285714286
51	93	0.990857142857143
52	93	0.958857142857143
53	93	0.989714285714286
54	93	0.989714285714286
55	93	0.981714285714286
56	93	0.953142857142857
57	93	0.988571428571429
58	93	0.985142857142857
59	93	0.950857142857143
60	93	0.990857142857143
61	93	0.998857142857143
63	93	0.990857142857143
65	93	0.997714285714286
66	93	0.993142857142857
67	93	0.990857142857143
68	93	0.952
69	93	0.946285714285714
70	93	0.969142857142857
71	93	0.984
72	93	0.985142857142857
73	93	0.986285714285714
75	93	0.996571428571429
76	93	0.932571428571429
77	93	0.882285714285714
78	93	0.972571428571429
79	93	0.968
80	93	0.979428571428571
81	93	0.977142857142857
82	93	0.941714285714286
83	93	0.963428571428571
84	93	1
85	93	0.976
86	93	0.953142857142857
87	93	0.962285714285714
88	93	0.972571428571429
89	93	0.914285714285714
90	93	0.998857142857143
91	93	0.968
92	93	0.995428571428571
1	94	0.934857142857143
2	94	0.942857142857143
3	94	0.996571428571429
4	94	0.96
5	94	0.970285714285714
6	94	0.962285714285714
7	94	0.921142857142857
9	94	0.997714285714286
10	94	0.940571428571429
11	94	0.946285714285714
12	94	0.964571428571429
13	94	0.993142857142857
14	94	0.970285714285714
15	94	0.993142857142857
16	94	0.955428571428571
17	94	0.976
18	94	0.988571428571429
20	94	0.990857142857143
21	94	0.963428571428571
22	94	0.992
23	94	0.501714285714286
24	94	0.972571428571429
25	94	0.971428571428571
26	94	0.986285714285714
27	94	0.988571428571429
28	94	0.962285714285714
29	94	0.985142857142857
30	94	0.952
31	94	0.931428571428571
32	94	0.987428571428571
33	94	0.933714285714286
35	94	0.936
38	94	0.970285714285714
39	94	0.96
40	94	0.981714285714286
41	94	0.965714285714286
42	94	0.936
43	94	0.984
44	94	0.978285714285714
45	94	0.964571428571429
46	94	0.973714285714286
47	94	0.950857142857143
48	94	0.945142857142857
49	94	0.955428571428571
50	94	0.917714285714286
51	94	0.966857142857143
52	94	0.934857142857143
53	94	0.986285714285714
54	94	0.965714285714286
55	94	0.994285714285714
56	94	0.929142857142857
57	94	0.987428571428571
58	94	0.961142857142857
59	94	0.974857142857143
60	94	0.985142857142857
61	94	0.974857142857143
63	94	0.966857142857143
65	94	0.973714285714286
66	94	0.969142857142857
67	94	0.966857142857143
68	94	0.928
69	94	0.922285714285714
70	94	0.945142857142857
71	94	0.96
72	94	0.961142857142857
73	94	0.962285714285714
75	94	0.972571428571429
76	94	0.956571428571429
77	94	0.906285714285714
78	94	0.948571428571429
79	94	0.944
80	94	0.955428571428571
81	94	0.998857142857143
82	94	0.917714285714286
83	94	0.939428571428571
84	94	0.976
85	94	0.952
86	94	0.929142857142857
87	94	0.938285714285714
88	94	0.948571428571429
89	94	0.938285714285714
90	94	0.974857142857143
91	94	0.944
92	94	0.980571428571429
93	94	0.976
1	95	0.992
2	95	1
3	95	0.946285714285714
4	95	0.982857142857143
5	95	0.972571428571429
6	95	0.980571428571429
7	95	0.978285714285714
9	95	0.945142857142857
10	95	0.997714285714286
11	95	0.996571428571429
12	95	0.978285714285714
13	95	0.949714285714286
14	95	0.972571428571429
15	95	0.949714285714286
16	95	0.987428571428572
17	95	0.966857142857143
18	95	0.954285714285714
20	95	0.952
21	95	0.979428571428571
22	95	0.950857142857143
23	95	0.444571428571429
24	95	0.970285714285714
25	95	0.971428571428571
26	95	0.929142857142857
27	95	0.954285714285714
28	95	0.905142857142857
29	95	0.957714285714286
30	95	0.990857142857143
31	95	0.988571428571429
32	95	0.955428571428572
33	95	0.990857142857143
35	95	0.993142857142857
38	95	0.972571428571429
39	95	0.982857142857143
40	95	0.961142857142857
41	95	0.977142857142857
42	95	0.993142857142857
43	95	0.958857142857143
44	95	0.964571428571429
45	95	0.978285714285714
46	95	0.969142857142857
47	95	0.992
48	95	0.997714285714286
49	95	0.987428571428572
50	95	0.974857142857143
51	95	0.976
52	95	0.992
53	95	0.956571428571429
54	95	0.977142857142857
55	95	0.948571428571429
56	95	0.986285714285714
57	95	0.955428571428572
58	95	0.981714285714286
59	95	0.917714285714286
60	95	0.957714285714286
61	95	0.968
63	95	0.976
65	95	0.969142857142857
66	95	0.973714285714286
67	95	0.976
68	95	0.985142857142857
69	95	0.979428571428571
70	95	0.997714285714286
71	95	0.982857142857143
72	95	0.981714285714286
73	95	0.980571428571429
75	95	0.970285714285714
76	95	0.899428571428571
77	95	0.849142857142857
78	95	0.994285714285714
79	95	0.998857142857143
80	95	0.987428571428572
81	95	0.944
82	95	0.974857142857143
83	95	0.996571428571429
84	95	0.966857142857143
85	95	0.990857142857143
86	95	0.986285714285714
87	95	0.995428571428571
88	95	0.994285714285714
89	95	0.881142857142857
90	95	0.968
91	95	0.998857142857143
92	95	0.962285714285714
93	95	0.966857142857143
94	95	0.942857142857143
1	96	0.995428571428571
2	96	0.987428571428571
3	96	0.933714285714286
4	96	0.970285714285714
5	96	0.96
6	96	0.968
7	96	0.990857142857143
9	96	0.932571428571429
10	96	0.989714285714286
11	96	0.984
12	96	0.965714285714286
13	96	0.937142857142857
14	96	0.96
15	96	0.937142857142857
16	96	0.974857142857143
17	96	0.954285714285714
18	96	0.941714285714286
20	96	0.939428571428571
21	96	0.966857142857143
22	96	0.938285714285714
23	96	0.432
24	96	0.957714285714286
25	96	0.958857142857143
26	96	0.916571428571428
27	96	0.941714285714286
28	96	0.892571428571429
29	96	0.945142857142857
30	96	0.978285714285714
31	96	0.998857142857143
32	96	0.942857142857143
33	96	0.996571428571429
35	96	0.994285714285714
38	96	0.96
39	96	0.970285714285714
40	96	0.948571428571429
41	96	0.964571428571429
42	96	0.994285714285714
43	96	0.946285714285714
44	96	0.952
45	96	0.965714285714286
46	96	0.956571428571429
47	96	0.979428571428571
48	96	0.985142857142857
49	96	0.974857142857143
50	96	0.987428571428571
51	96	0.963428571428571
52	96	0.995428571428571
53	96	0.944
54	96	0.964571428571429
55	96	0.936
56	96	0.998857142857143
57	96	0.942857142857143
58	96	0.969142857142857
59	96	0.905142857142857
60	96	0.945142857142857
61	96	0.955428571428572
63	96	0.963428571428571
65	96	0.956571428571429
66	96	0.961142857142857
67	96	0.963428571428571
68	96	0.997714285714286
69	96	0.992
70	96	0.985142857142857
71	96	0.970285714285714
72	96	0.969142857142857
73	96	0.968
75	96	0.957714285714286
76	96	0.886857142857143
77	96	0.836571428571429
78	96	0.981714285714286
79	96	0.986285714285714
80	96	0.974857142857143
81	96	0.931428571428571
82	96	0.987428571428571
83	96	0.990857142857143
84	96	0.954285714285714
85	96	0.978285714285714
86	96	0.998857142857143
87	96	0.992
88	96	0.981714285714286
89	96	0.868571428571429
90	96	0.955428571428572
91	96	0.986285714285714
92	96	0.949714285714286
93	96	0.954285714285714
94	96	0.930285714285714
95	96	0.987428571428571
1	97	0.996571428571429
2	97	0.988571428571429
3	97	0.934857142857143
4	97	0.971428571428571
5	97	0.961142857142857
6	97	0.969142857142857
7	97	0.989714285714286
9	97	0.933714285714286
10	97	0.990857142857143
11	97	0.985142857142857
12	97	0.966857142857143
13	97	0.938285714285714
14	97	0.961142857142857
15	97	0.938285714285714
16	97	0.976
17	97	0.955428571428571
18	97	0.942857142857143
20	97	0.940571428571429
21	97	0.968
22	97	0.939428571428571
23	97	0.433142857142857
24	97	0.958857142857143
25	97	0.96
26	97	0.917714285714286
27	97	0.942857142857143
28	97	0.893714285714286
29	97	0.946285714285714
30	97	0.979428571428571
31	97	1
32	97	0.944
33	97	0.997714285714286
35	97	0.995428571428571
38	97	0.961142857142857
39	97	0.971428571428571
40	97	0.949714285714286
41	97	0.965714285714286
42	97	0.995428571428571
43	97	0.947428571428571
44	97	0.953142857142857
45	97	0.966857142857143
46	97	0.957714285714286
47	97	0.980571428571429
48	97	0.986285714285714
49	97	0.976
50	97	0.986285714285714
51	97	0.964571428571429
52	97	0.996571428571429
53	97	0.945142857142857
54	97	0.965714285714286
55	97	0.937142857142857
56	97	0.997714285714286
57	97	0.944
58	97	0.970285714285714
59	97	0.906285714285714
60	97	0.946285714285714
61	97	0.956571428571429
63	97	0.964571428571429
65	97	0.957714285714286
66	97	0.962285714285714
67	97	0.964571428571429
68	97	0.996571428571429
69	97	0.990857142857143
70	97	0.986285714285714
71	97	0.971428571428571
72	97	0.970285714285714
73	97	0.969142857142857
75	97	0.958857142857143
76	97	0.888
77	97	0.837714285714286
78	97	0.982857142857143
79	97	0.987428571428571
80	97	0.976
81	97	0.932571428571429
82	97	0.986285714285714
83	97	0.992
84	97	0.955428571428571
85	97	0.979428571428571
86	97	0.997714285714286
87	97	0.993142857142857
88	97	0.982857142857143
89	97	0.869714285714286
90	97	0.956571428571429
91	97	0.987428571428571
92	97	0.950857142857143
93	97	0.955428571428571
94	97	0.931428571428571
95	97	0.988571428571429
96	97	0.998857142857143
1	98	0.982857142857143
2	98	0.990857142857143
3	98	0.955428571428572
4	98	0.992
5	98	0.981714285714286
6	98	0.989714285714286
7	98	0.969142857142857
9	98	0.954285714285714
10	98	0.988571428571429
11	98	0.994285714285714
12	98	0.987428571428572
13	98	0.958857142857143
14	98	0.981714285714286
15	98	0.958857142857143
16	98	0.996571428571429
17	98	0.976
18	98	0.963428571428572
20	98	0.961142857142857
21	98	0.988571428571429
22	98	0.96
23	98	0.453714285714286
24	98	0.979428571428571
25	98	0.980571428571429
26	98	0.938285714285714
27	98	0.963428571428572
28	98	0.914285714285714
29	98	0.966857142857143
30	98	1
31	98	0.979428571428571
32	98	0.964571428571429
33	98	0.981714285714286
35	98	0.984
38	98	0.981714285714286
39	98	0.992
40	98	0.970285714285714
41	98	0.986285714285714
42	98	0.984
43	98	0.968
44	98	0.973714285714286
45	98	0.987428571428572
46	98	0.978285714285714
47	98	0.998857142857143
48	98	0.993142857142857
49	98	0.996571428571429
50	98	0.965714285714286
51	98	0.985142857142857
52	98	0.982857142857143
53	98	0.965714285714286
54	98	0.986285714285714
55	98	0.957714285714286
56	98	0.977142857142857
57	98	0.964571428571429
58	98	0.990857142857143
59	98	0.926857142857143
60	98	0.966857142857143
61	98	0.977142857142857
63	98	0.985142857142857
65	98	0.978285714285714
66	98	0.982857142857143
67	98	0.985142857142857
68	98	0.976
69	98	0.970285714285714
70	98	0.993142857142857
71	98	0.992
72	98	0.990857142857143
73	98	0.989714285714286
75	98	0.979428571428571
76	98	0.908571428571429
77	98	0.858285714285714
78	98	0.996571428571429
79	98	0.992
80	98	0.996571428571429
81	98	0.953142857142857
82	98	0.965714285714286
83	98	0.987428571428571
84	98	0.976
85	98	1
86	98	0.977142857142857
87	98	0.986285714285714
88	98	0.996571428571429
89	98	0.890285714285714
90	98	0.977142857142857
91	98	0.992
92	98	0.971428571428571
93	98	0.976
94	98	0.952
95	98	0.990857142857143
96	98	0.978285714285714
97	98	0.979428571428571
1	99	0.916571428571428
2	99	0.924571428571429
3	99	0.978285714285714
4	99	0.941714285714286
5	99	0.952
6	99	0.944
7	99	0.902857142857143
9	99	0.979428571428571
10	99	0.922285714285714
11	99	0.928
12	99	0.946285714285714
13	99	0.974857142857143
14	99	0.952
15	99	0.974857142857143
16	99	0.937142857142857
17	99	0.957714285714286
18	99	0.970285714285714
20	99	0.972571428571429
21	99	0.945142857142857
22	99	0.973714285714286
23	99	0.52
24	99	0.954285714285714
25	99	0.953142857142857
26	99	0.995428571428571
27	99	0.970285714285714
28	99	0.980571428571429
29	99	0.966857142857143
30	99	0.933714285714286
31	99	0.913142857142857
32	99	0.969142857142857
33	99	0.915428571428571
35	99	0.917714285714286
38	99	0.952
39	99	0.941714285714286
40	99	0.963428571428571
41	99	0.947428571428571
42	99	0.917714285714286
43	99	0.965714285714286
44	99	0.96
45	99	0.946285714285714
46	99	0.955428571428571
47	99	0.932571428571428
48	99	0.926857142857143
49	99	0.937142857142857
50	99	0.899428571428571
51	99	0.948571428571429
52	99	0.916571428571428
53	99	0.968
54	99	0.947428571428571
55	99	0.976
56	99	0.910857142857143
57	99	0.969142857142857
58	99	0.942857142857143
59	99	0.993142857142857
60	99	0.966857142857143
61	99	0.956571428571429
63	99	0.948571428571429
65	99	0.955428571428571
66	99	0.950857142857143
67	99	0.948571428571429
68	99	0.909714285714286
69	99	0.904
70	99	0.926857142857143
71	99	0.941714285714286
72	99	0.942857142857143
73	99	0.944
75	99	0.954285714285714
76	99	0.974857142857143
77	99	0.924571428571429
78	99	0.930285714285714
79	99	0.925714285714286
80	99	0.937142857142857
81	99	0.980571428571428
82	99	0.899428571428571
83	99	0.921142857142857
84	99	0.957714285714286
85	99	0.933714285714286
86	99	0.910857142857143
87	99	0.92
88	99	0.930285714285714
89	99	0.956571428571429
90	99	0.956571428571429
91	99	0.925714285714286
92	99	0.962285714285714
93	99	0.957714285714286
94	99	0.981714285714286
95	99	0.924571428571429
96	99	0.912
97	99	0.913142857142857
98	99	0.933714285714286
1	100	0.961142857142857
2	100	0.969142857142857
3	100	0.977142857142857
4	100	0.986285714285714
5	100	0.996571428571429
6	100	0.988571428571429
7	100	0.947428571428571
9	100	0.976
10	100	0.966857142857143
11	100	0.972571428571429
12	100	0.990857142857143
13	100	0.980571428571429
14	100	0.996571428571429
15	100	0.980571428571429
16	100	0.981714285714286
17	100	0.997714285714286
18	100	0.985142857142857
20	100	0.982857142857143
21	100	0.989714285714286
22	100	0.981714285714286
23	100	0.475428571428571
24	100	0.998857142857143
25	100	0.997714285714286
26	100	0.96
27	100	0.985142857142857
28	100	0.936
29	100	0.988571428571429
30	100	0.978285714285714
31	100	0.957714285714286
32	100	0.986285714285714
33	100	0.96
35	100	0.962285714285714
38	100	0.996571428571429
39	100	0.986285714285714
40	100	0.992
41	100	0.992
42	100	0.962285714285714
43	100	0.989714285714286
44	100	0.995428571428571
45	100	0.990857142857143
46	100	1
47	100	0.977142857142857
48	100	0.971428571428571
49	100	0.981714285714286
50	100	0.944
51	100	0.993142857142857
52	100	0.961142857142857
53	100	0.987428571428571
54	100	0.992
55	100	0.979428571428571
56	100	0.955428571428572
57	100	0.986285714285714
58	100	0.987428571428572
59	100	0.948571428571429
60	100	0.988571428571429
61	100	0.998857142857143
63	100	0.993142857142857
65	100	1
66	100	0.995428571428571
67	100	0.993142857142857
68	100	0.954285714285714
69	100	0.948571428571429
70	100	0.971428571428571
71	100	0.986285714285714
72	100	0.987428571428572
73	100	0.988571428571429
75	100	0.998857142857143
76	100	0.930285714285714
77	100	0.88
78	100	0.974857142857143
79	100	0.970285714285714
80	100	0.981714285714286
81	100	0.974857142857143
82	100	0.944
83	100	0.965714285714286
84	100	0.997714285714286
85	100	0.978285714285714
86	100	0.955428571428572
87	100	0.964571428571429
88	100	0.974857142857143
89	100	0.912
90	100	0.998857142857143
91	100	0.970285714285714
92	100	0.993142857142857
93	100	0.997714285714286
94	100	0.973714285714286
95	100	0.969142857142857
96	100	0.956571428571429
97	100	0.957714285714286
98	100	0.978285714285714
99	100	0.955428571428571
1	101	0.913142857142857
2	101	0.921142857142857
3	101	0.974857142857143
4	101	0.938285714285714
5	101	0.948571428571429
6	101	0.940571428571429
7	101	0.899428571428571
9	101	0.976
10	101	0.918857142857143
11	101	0.924571428571429
12	101	0.942857142857143
13	101	0.971428571428571
14	101	0.948571428571429
15	101	0.971428571428571
16	101	0.933714285714286
17	101	0.954285714285714
18	101	0.966857142857143
20	101	0.969142857142857
21	101	0.941714285714286
22	101	0.970285714285714
23	101	0.523428571428571
24	101	0.950857142857143
25	101	0.949714285714286
26	101	0.992
27	101	0.966857142857143
28	101	0.984
29	101	0.963428571428572
30	101	0.930285714285714
31	101	0.909714285714286
32	101	0.965714285714286
33	101	0.912
35	101	0.914285714285714
38	101	0.948571428571429
39	101	0.938285714285714
40	101	0.96
41	101	0.944
42	101	0.914285714285714
43	101	0.962285714285714
44	101	0.956571428571429
45	101	0.942857142857143
46	101	0.952
47	101	0.929142857142857
48	101	0.923428571428571
49	101	0.933714285714286
50	101	0.896
51	101	0.945142857142857
52	101	0.913142857142857
53	101	0.964571428571429
54	101	0.944
55	101	0.972571428571429
56	101	0.907428571428571
57	101	0.965714285714286
58	101	0.939428571428572
59	101	0.996571428571429
60	101	0.963428571428572
61	101	0.953142857142857
63	101	0.945142857142857
65	101	0.952
66	101	0.947428571428571
67	101	0.945142857142857
68	101	0.906285714285714
69	101	0.900571428571429
70	101	0.923428571428571
71	101	0.938285714285714
72	101	0.939428571428572
73	101	0.940571428571429
75	101	0.950857142857143
76	101	0.978285714285714
77	101	0.928
78	101	0.926857142857143
79	101	0.922285714285714
80	101	0.933714285714286
81	101	0.977142857142857
82	101	0.896
83	101	0.917714285714286
84	101	0.954285714285714
85	101	0.930285714285714
86	101	0.907428571428571
87	101	0.916571428571429
88	101	0.926857142857143
89	101	0.96
90	101	0.953142857142857
91	101	0.922285714285714
92	101	0.958857142857143
93	101	0.954285714285714
94	101	0.978285714285714
95	101	0.921142857142857
96	101	0.908571428571429
97	101	0.909714285714286
98	101	0.930285714285714
99	101	0.996571428571429
100	101	0.952
1	102	0.990857142857143
2	102	0.998857142857143
3	102	0.947428571428571
4	102	0.984
5	102	0.973714285714286
6	102	0.981714285714286
7	102	0.977142857142857
9	102	0.946285714285714
10	102	0.996571428571429
11	102	0.997714285714286
12	102	0.979428571428571
13	102	0.950857142857143
14	102	0.973714285714286
15	102	0.950857142857143
16	102	0.988571428571429
17	102	0.968
18	102	0.955428571428572
20	102	0.953142857142857
21	102	0.980571428571429
22	102	0.952
23	102	0.445714285714286
24	102	0.971428571428571
25	102	0.972571428571429
26	102	0.930285714285714
27	102	0.955428571428572
28	102	0.906285714285714
29	102	0.958857142857143
30	102	0.992
31	102	0.987428571428571
32	102	0.956571428571429
33	102	0.989714285714286
35	102	0.992
38	102	0.973714285714286
39	102	0.984
40	102	0.962285714285714
41	102	0.978285714285714
42	102	0.992
43	102	0.96
44	102	0.965714285714286
45	102	0.979428571428571
46	102	0.970285714285714
47	102	0.993142857142857
48	102	0.998857142857143
49	102	0.988571428571429
50	102	0.973714285714286
51	102	0.977142857142857
52	102	0.990857142857143
53	102	0.957714285714286
54	102	0.978285714285714
55	102	0.949714285714286
56	102	0.985142857142857
57	102	0.956571428571429
58	102	0.982857142857143
59	102	0.918857142857143
60	102	0.958857142857143
61	102	0.969142857142857
63	102	0.977142857142857
65	102	0.970285714285714
66	102	0.974857142857143
67	102	0.977142857142857
68	102	0.984
69	102	0.978285714285714
70	102	0.998857142857143
71	102	0.984
72	102	0.982857142857143
73	102	0.981714285714286
75	102	0.971428571428571
76	102	0.900571428571429
77	102	0.850285714285714
78	102	0.995428571428571
79	102	1
80	102	0.988571428571429
81	102	0.945142857142857
82	102	0.973714285714286
83	102	0.995428571428571
84	102	0.968
85	102	0.992
86	102	0.985142857142857
87	102	0.994285714285714
88	102	0.995428571428571
89	102	0.882285714285714
90	102	0.969142857142857
91	102	1
92	102	0.963428571428571
93	102	0.968
94	102	0.944
95	102	0.998857142857143
96	102	0.986285714285714
97	102	0.987428571428571
98	102	0.992
99	102	0.925714285714286
100	102	0.970285714285714
101	102	0.922285714285714
1	103	0.952
2	103	0.96
3	103	0.986285714285714
4	103	0.977142857142857
5	103	0.987428571428571
6	103	0.979428571428571
7	103	0.938285714285714
9	103	0.985142857142857
10	103	0.957714285714286
11	103	0.963428571428571
12	103	0.981714285714286
13	103	0.989714285714286
14	103	0.987428571428571
15	103	0.989714285714286
16	103	0.972571428571429
17	103	0.993142857142857
18	103	0.994285714285714
20	103	0.992
21	103	0.980571428571429
22	103	0.990857142857143
23	103	0.484571428571429
24	103	0.989714285714286
25	103	0.988571428571429
26	103	0.969142857142857
27	103	0.994285714285714
28	103	0.945142857142857
29	103	0.997714285714286
30	103	0.969142857142857
31	103	0.948571428571429
32	103	0.995428571428571
33	103	0.950857142857143
35	103	0.953142857142857
38	103	0.987428571428571
39	103	0.977142857142857
40	103	0.998857142857143
41	103	0.982857142857143
42	103	0.953142857142857
43	103	0.998857142857143
44	103	0.995428571428571
45	103	0.981714285714286
46	103	0.990857142857143
47	103	0.968
48	103	0.962285714285714
49	103	0.972571428571429
50	103	0.934857142857143
51	103	0.984
52	103	0.952
53	103	0.996571428571429
54	103	0.982857142857143
55	103	0.988571428571429
56	103	0.946285714285714
57	103	0.995428571428571
58	103	0.978285714285714
59	103	0.957714285714286
60	103	0.997714285714286
61	103	0.992
63	103	0.984
65	103	0.990857142857143
66	103	0.986285714285714
67	103	0.984
68	103	0.945142857142857
69	103	0.939428571428571
70	103	0.962285714285714
71	103	0.977142857142857
72	103	0.978285714285714
73	103	0.979428571428571
75	103	0.989714285714286
76	103	0.939428571428571
77	103	0.889142857142857
78	103	0.965714285714286
79	103	0.961142857142857
80	103	0.972571428571429
81	103	0.984
82	103	0.934857142857143
83	103	0.956571428571429
84	103	0.993142857142857
85	103	0.969142857142857
86	103	0.946285714285714
87	103	0.955428571428572
88	103	0.965714285714286
89	103	0.921142857142857
90	103	0.992
91	103	0.961142857142857
92	103	0.997714285714286
93	103	0.993142857142857
94	103	0.982857142857143
95	103	0.96
96	103	0.947428571428571
97	103	0.948571428571429
98	103	0.969142857142857
99	103	0.964571428571429
100	103	0.990857142857143
101	103	0.961142857142857
102	103	0.961142857142857
