88	86	1
88	9	1
88	59	1
88	56	1
88	32	1
88	37	1
88	36	1
88	35	1
88	95	1
88	90	1
88	28	1
88	27	1
88	29	1
88	98	1
88	97	1
88	49	1
88	114	1
88	78	1
88	51	1
88	76	1
88	65	1
88	79	1
88	80	1
88	75	1
88	48	1
88	107	1
88	108	1
88	104	1
88	103	1
88	19	1
88	16	1
88	17	1
88	70	1
88	69	1
88	1	1
88	68	1
88	42	1
88	41	1
88	63	1
88	120	1
88	6	1
88	84	1
88	85	1
88	112	1
86	9	1
86	59	1
86	56	1
86	32	1
86	37	1
86	36	1
86	35	1
86	95	1
86	90	1
86	28	1
86	27	1
86	29	1
86	98	1
86	97	1
86	49	1
86	114	1
86	78	1
86	51	1
86	76	1
86	65	1
86	79	1
86	80	1
86	75	1
86	48	1
86	107	1
86	108	1
86	104	1
86	103	1
86	19	1
86	16	1
86	17	1
86	70	1
86	69	1
86	1	1
86	68	1
86	42	1
86	41	1
86	63	1
86	120	1
86	6	1
86	84	1
86	85	1
86	112	1
9	59	1
9	56	1
9	32	1
9	37	1
9	36	1
9	35	1
9	95	1
9	90	1
9	28	1
9	27	1
9	29	1
9	98	1
9	97	1
9	49	1
9	114	1
9	78	1
9	51	1
9	76	1
9	65	1
9	79	1
9	80	1
9	75	1
9	48	1
9	107	1
9	108	1
9	104	1
9	103	1
9	19	1
9	16	1
9	17	1
9	70	1
9	69	1
9	1	1
9	68	1
9	42	1
9	41	1
9	63	1
9	120	1
9	6	1
9	84	1
9	85	1
9	112	1
59	56	1
59	32	1
59	37	1
59	36	1
59	35	1
59	95	1
59	90	1
59	28	1
59	27	1
59	29	1
59	98	1
59	97	1
59	49	1
59	114	1
59	78	1
59	51	1
59	76	1
59	65	1
59	79	1
59	80	1
59	75	1
59	48	1
59	107	1
59	108	1
59	104	1
59	103	1
59	19	1
59	16	1
59	17	1
59	70	1
59	69	1
59	1	1
59	68	1
59	42	1
59	41	1
59	63	1
59	120	1
59	6	1
59	84	1
59	85	1
59	112	1
56	32	1
56	37	1
56	36	1
56	35	1
56	95	1
56	90	1
56	28	1
56	27	1
56	29	1
56	98	1
56	97	1
56	49	1
56	114	1
56	78	1
56	51	1
56	76	1
56	65	1
56	79	1
56	80	1
56	75	1
56	48	1
56	107	1
56	108	1
56	104	1
56	103	1
56	19	1
56	16	1
56	17	1
56	70	1
56	69	1
56	1	1
56	68	1
56	42	1
56	41	1
56	63	1
56	120	1
56	6	1
56	84	1
56	85	1
56	112	1
32	37	1
32	36	1
32	35	1
32	95	1
32	90	1
32	28	1
32	27	1
32	29	1
32	98	1
32	97	1
32	49	1
32	114	1
32	78	1
32	51	1
32	76	1
32	65	1
32	79	1
32	80	1
32	75	1
32	48	1
32	107	1
32	108	1
32	104	1
32	103	1
32	19	1
32	16	1
32	17	1
32	70	1
32	69	1
32	1	1
32	68	1
32	42	1
32	41	1
32	63	1
32	120	1
32	6	1
32	84	1
32	85	1
32	112	1
37	36	1
37	35	1
37	95	1
37	90	1
37	28	1
37	27	1
37	29	1
37	98	1
37	97	1
37	49	1
37	114	1
37	78	1
37	51	1
37	76	1
37	65	1
37	79	1
37	80	1
37	75	1
37	48	1
37	107	1
37	108	1
37	104	1
37	103	1
37	19	1
37	16	1
37	17	1
37	70	1
37	69	1
37	1	1
37	68	1
37	42	1
37	41	1
37	63	1
37	120	1
37	6	1
37	84	1
37	85	1
37	112	1
36	35	1
36	95	1
36	90	1
36	28	1
36	27	1
36	29	1
36	98	1
36	97	1
36	49	1
36	114	1
36	78	1
36	51	1
36	76	1
36	65	1
36	79	1
36	80	1
36	75	1
36	48	1
36	107	1
36	108	1
36	104	1
36	103	1
36	19	1
36	16	1
36	17	1
36	70	1
36	69	1
36	1	1
36	68	1
36	42	1
36	41	1
36	63	1
36	120	1
36	6	1
36	84	1
36	85	1
36	112	1
35	95	1
35	90	1
35	28	1
35	27	1
35	29	1
35	98	1
35	97	1
35	49	1
35	114	1
35	78	1
35	51	1
35	76	1
35	65	1
35	79	1
35	80	1
35	75	1
35	48	1
35	107	1
35	108	1
35	104	1
35	103	1
35	19	1
35	16	1
35	17	1
35	70	1
35	69	1
35	1	1
35	68	1
35	42	1
35	41	1
35	63	1
35	120	1
35	6	1
35	84	1
35	85	1
35	112	1
95	90	1
95	28	1
95	27	1
95	29	1
95	98	1
95	97	1
95	49	1
95	114	1
95	78	1
95	51	1
95	76	1
95	65	1
95	79	1
95	80	1
95	75	1
95	48	1
95	107	1
95	108	1
95	104	1
95	103	1
95	19	1
95	16	1
95	17	1
95	70	1
95	69	1
95	1	1
95	68	1
95	42	1
95	41	1
95	63	1
95	120	1
95	6	1
95	84	1
95	85	1
95	112	1
90	28	1
90	27	1
90	29	1
90	98	1
90	97	1
90	49	1
90	114	1
90	78	1
90	51	1
90	76	1
90	65	1
90	79	1
90	80	1
90	75	1
90	48	1
90	107	1
90	108	1
90	104	1
90	103	1
90	19	1
90	16	1
90	17	1
90	70	1
90	69	1
90	1	1
90	68	1
90	42	1
90	41	1
90	63	1
90	120	1
90	6	1
90	84	1
90	85	1
90	112	1
28	27	1
28	29	1
28	98	1
28	97	1
28	49	1
28	114	1
28	78	1
28	51	1
28	76	1
28	65	1
28	79	1
28	80	1
28	75	1
28	48	1
28	107	1
28	108	1
28	104	1
28	103	1
28	19	1
28	16	1
28	17	1
28	70	1
28	69	1
28	1	1
28	68	1
28	42	1
28	41	1
28	63	1
28	120	1
28	6	1
28	84	1
28	85	1
28	112	1
27	29	1
27	98	1
27	97	1
27	49	1
27	114	1
27	78	1
27	51	1
27	76	1
27	65	1
27	79	1
27	80	1
27	75	1
27	48	1
27	107	1
27	108	1
27	104	1
27	103	1
27	19	1
27	16	1
27	17	1
27	70	1
27	69	1
27	1	1
27	68	1
27	42	1
27	41	1
27	63	1
27	120	1
27	6	1
27	84	1
27	85	1
27	112	1
29	98	1
29	97	1
29	49	1
29	114	1
29	78	1
29	51	1
29	76	1
29	65	1
29	79	1
29	80	1
29	75	1
29	48	1
29	107	1
29	108	1
29	104	1
29	103	1
29	19	1
29	16	1
29	17	1
29	70	1
29	69	1
29	1	1
29	68	1
29	42	1
29	41	1
29	63	1
29	120	1
29	6	1
29	84	1
29	85	1
29	112	1
98	97	1
98	49	1
98	114	1
98	78	1
98	51	1
98	76	1
98	65	1
98	79	1
98	80	1
98	75	1
98	48	1
98	107	1
98	108	1
98	104	1
98	103	1
98	19	1
98	16	1
98	17	1
98	70	1
98	69	1
98	1	1
98	68	1
98	42	1
98	41	1
98	63	1
98	120	1
98	6	1
98	84	1
98	85	1
98	112	1
97	49	1
97	114	1
97	78	1
97	51	1
97	76	1
97	65	1
97	79	1
97	80	1
97	75	1
97	48	1
97	107	1
97	108	1
97	104	1
97	103	1
97	19	1
97	16	1
97	17	1
97	70	1
97	69	1
97	1	1
97	68	1
97	42	1
97	41	1
97	63	1
97	120	1
97	6	1
97	84	1
97	85	1
97	112	1
49	114	1
49	78	1
49	51	1
49	76	1
49	65	1
49	79	1
49	80	1
49	75	1
49	48	1
49	107	1
49	108	1
49	104	1
49	103	1
49	19	1
49	16	1
49	17	1
49	70	1
49	69	1
49	1	1
49	68	1
49	42	1
49	41	1
49	63	1
49	120	1
49	6	1
49	84	1
49	85	1
49	112	1
114	78	1
114	51	1
114	76	1
114	65	1
114	79	1
114	80	1
114	75	1
114	48	1
114	107	1
114	108	1
114	104	1
114	103	1
114	19	1
114	16	1
114	17	1
114	70	1
114	69	1
114	1	1
114	68	1
114	42	1
114	41	1
114	63	1
114	120	1
114	6	1
114	84	1
114	85	1
114	112	1
78	51	1
78	76	1
78	65	1
78	79	1
78	80	1
78	75	1
78	48	1
78	107	1
78	108	1
78	104	1
78	103	1
78	19	1
78	16	1
78	17	1
78	70	1
78	69	1
78	1	1
78	68	1
78	42	1
78	41	1
78	63	1
78	120	1
78	6	1
78	84	1
78	85	1
78	112	1
51	76	1
51	65	1
51	79	1
51	80	1
51	75	1
51	48	1
51	107	1
51	108	1
51	104	1
51	103	1
51	19	1
51	16	1
51	17	1
51	70	1
51	69	1
51	1	1
51	68	1
51	42	1
51	41	1
51	63	1
51	120	1
51	6	1
51	84	1
51	85	1
51	112	1
76	65	1
76	79	1
76	80	1
76	75	1
76	48	1
76	107	1
76	108	1
76	104	1
76	103	1
76	19	1
76	16	1
76	17	1
76	70	1
76	69	1
76	1	1
76	68	1
76	42	1
76	41	1
76	63	1
76	120	1
76	6	1
76	84	1
76	85	1
76	112	1
65	79	1
65	80	1
65	75	1
65	48	1
65	107	1
65	108	1
65	104	1
65	103	1
65	19	1
65	16	1
65	17	1
65	70	1
65	69	1
65	1	1
65	68	1
65	42	1
65	41	1
65	63	1
65	120	1
65	6	1
65	84	1
65	85	1
65	112	1
79	80	1
79	75	1
79	48	1
79	107	1
79	108	1
79	104	1
79	103	1
79	19	1
79	16	1
79	17	1
79	70	1
79	69	1
79	1	1
79	68	1
79	42	1
79	41	1
79	63	1
79	120	1
79	6	1
79	84	1
79	85	1
79	112	1
80	75	1
80	48	1
80	107	1
80	108	1
80	104	1
80	103	1
80	19	1
80	16	1
80	17	1
80	70	1
80	69	1
80	1	1
80	68	1
80	42	1
80	41	1
80	63	1
80	120	1
80	6	1
80	84	1
80	85	1
80	112	1
75	48	1
75	107	1
75	108	1
75	104	1
75	103	1
75	19	1
75	16	1
75	17	1
75	70	1
75	69	1
75	1	1
75	68	1
75	42	1
75	41	1
75	63	1
75	120	1
75	6	1
75	84	1
75	85	1
75	112	1
48	107	1
48	108	1
48	104	1
48	103	1
48	19	1
48	16	1
48	17	1
48	70	1
48	69	1
48	1	1
48	68	1
48	42	1
48	41	1
48	63	1
48	120	1
48	6	1
48	84	1
48	85	1
48	112	1
107	108	1
107	104	1
107	103	1
107	19	1
107	16	1
107	17	1
107	70	1
107	69	1
107	1	1
107	68	1
107	42	1
107	41	1
107	63	1
107	120	1
107	6	1
107	84	1
107	85	1
107	112	1
108	104	1
108	103	1
108	19	1
108	16	1
108	17	1
108	70	1
108	69	1
108	1	1
108	68	1
108	42	1
108	41	1
108	63	1
108	120	1
108	6	1
108	84	1
108	85	1
108	112	1
104	103	1
104	19	1
104	16	1
104	17	1
104	70	1
104	69	1
104	1	1
104	68	1
104	42	1
104	41	1
104	63	1
104	120	1
104	6	1
104	84	1
104	85	1
104	112	1
103	19	1
103	16	1
103	17	1
103	70	1
103	69	1
103	1	1
103	68	1
103	42	1
103	41	1
103	63	1
103	120	1
103	6	1
103	84	1
103	85	1
103	112	1
19	16	1
19	17	1
19	70	1
19	69	1
19	1	1
19	68	1
19	42	1
19	41	1
19	63	1
19	120	1
19	6	1
19	84	1
19	85	1
19	112	1
16	17	1
16	70	1
16	69	1
16	1	1
16	68	1
16	42	1
16	41	1
16	63	1
16	120	1
16	6	1
16	84	1
16	85	1
16	112	1
17	70	1
17	69	1
17	1	1
17	68	1
17	42	1
17	41	1
17	63	1
17	120	1
17	6	1
17	84	1
17	85	1
17	112	1
70	69	1
70	1	1
70	68	1
70	42	1
70	41	1
70	63	1
70	120	1
70	6	1
70	84	1
70	85	1
70	112	1
69	1	1
69	68	1
69	42	1
69	41	1
69	63	1
69	120	1
69	6	1
69	84	1
69	85	1
69	112	1
1	68	1
1	42	1
1	41	1
1	63	1
1	120	1
1	6	1
1	84	1
1	85	1
1	112	1
68	42	1
68	41	1
68	63	1
68	120	1
68	6	1
68	84	1
68	85	1
68	112	1
42	41	1
42	63	1
42	120	1
42	6	1
42	84	1
42	85	1
42	112	1
41	63	1
41	120	1
41	6	1
41	84	1
41	85	1
41	112	1
63	120	1
63	6	1
63	84	1
63	85	1
63	112	1
120	6	1
120	84	1
120	85	1
120	112	1
6	84	1
6	85	1
6	112	1
84	85	1
84	112	1
85	112	1
