89	87	1
89	86	1
89	12	1
89	23	1
89	2	1
89	59	1
89	34	1
89	56	1
89	32	1
89	38	1
89	35	1
89	95	1
89	90	1
89	29	1
89	71	1
89	50	1
89	57	1
89	98	1
89	97	1
89	49	1
89	114	1
89	77	1
89	80	1
89	81	1
89	82	1
89	75	1
89	117	1
89	47	1
89	46	1
89	45	1
89	48	1
89	100	1
89	74	1
89	108	1
89	105	1
89	73	1
89	33	1
89	103	1
89	101	1
89	113	1
89	20	1
89	17	1
89	68	1
89	67	1
89	61	1
89	42	1
89	120	1
89	4	1
89	84	1
89	85	1
89	112	1
87	86	1
87	12	1
87	23	1
87	2	1
87	59	1
87	34	1
87	56	1
87	32	1
87	38	1
87	35	1
87	95	1
87	90	1
87	29	1
87	71	1
87	50	1
87	57	1
87	98	1
87	97	1
87	49	1
87	114	1
87	77	1
87	80	1
87	81	1
87	82	1
87	75	1
87	117	1
87	47	1
87	46	1
87	45	1
87	48	1
87	100	1
87	74	1
87	108	1
87	105	1
87	73	1
87	33	1
87	103	1
87	101	1
87	113	1
87	20	1
87	17	1
87	68	1
87	67	1
87	61	1
87	42	1
87	120	1
87	4	1
87	84	1
87	85	1
87	112	1
86	12	1
86	23	1
86	2	1
86	59	1
86	34	1
86	56	1
86	32	1
86	38	1
86	35	1
86	95	1
86	90	1
86	29	1
86	71	1
86	50	1
86	57	1
86	98	1
86	97	1
86	49	1
86	114	1
86	77	1
86	80	1
86	81	1
86	82	1
86	75	1
86	117	1
86	47	1
86	46	1
86	45	1
86	48	1
86	100	1
86	74	1
86	108	1
86	105	1
86	73	1
86	33	1
86	103	1
86	101	1
86	113	1
86	20	1
86	17	1
86	68	1
86	67	1
86	61	1
86	42	1
86	120	1
86	4	1
86	84	1
86	85	1
86	112	1
12	23	1
12	2	1
12	59	1
12	34	1
12	56	1
12	32	1
12	38	1
12	35	1
12	95	1
12	90	1
12	29	1
12	71	1
12	50	1
12	57	1
12	98	1
12	97	1
12	49	1
12	114	1
12	77	1
12	80	1
12	81	1
12	82	1
12	75	1
12	117	1
12	47	1
12	46	1
12	45	1
12	48	1
12	100	1
12	74	1
12	108	1
12	105	1
12	73	1
12	33	1
12	103	1
12	101	1
12	113	1
12	20	1
12	17	1
12	68	1
12	67	1
12	61	1
12	42	1
12	120	1
12	4	1
12	84	1
12	85	1
12	112	1
23	2	1
23	59	1
23	34	1
23	56	1
23	32	1
23	38	1
23	35	1
23	95	1
23	90	1
23	29	1
23	71	1
23	50	1
23	57	1
23	98	1
23	97	1
23	49	1
23	114	1
23	77	1
23	80	1
23	81	1
23	82	1
23	75	1
23	117	1
23	47	1
23	46	1
23	45	1
23	48	1
23	100	1
23	74	1
23	108	1
23	105	1
23	73	1
23	33	1
23	103	1
23	101	1
23	113	1
23	20	1
23	17	1
23	68	1
23	67	1
23	61	1
23	42	1
23	120	1
23	4	1
23	84	1
23	85	1
23	112	1
2	59	1
2	34	1
2	56	1
2	32	1
2	38	1
2	35	1
2	95	1
2	90	1
2	29	1
2	71	1
2	50	1
2	57	1
2	98	1
2	97	1
2	49	1
2	114	1
2	77	1
2	80	1
2	81	1
2	82	1
2	75	1
2	117	1
2	47	1
2	46	1
2	45	1
2	48	1
2	100	1
2	74	1
2	108	1
2	105	1
2	73	1
2	33	1
2	103	1
2	101	1
2	113	1
2	20	1
2	17	1
2	68	1
2	67	1
2	61	1
2	42	1
2	120	1
2	4	1
2	84	1
2	85	1
2	112	1
59	34	1
59	56	1
59	32	1
59	38	1
59	35	1
59	95	1
59	90	1
59	29	1
59	71	1
59	50	1
59	57	1
59	98	1
59	97	1
59	49	1
59	114	1
59	77	1
59	80	1
59	81	1
59	82	1
59	75	1
59	117	1
59	47	1
59	46	1
59	45	1
59	48	1
59	100	1
59	74	1
59	108	1
59	105	1
59	73	1
59	33	1
59	103	1
59	101	1
59	113	1
59	20	1
59	17	1
59	68	1
59	67	1
59	61	1
59	42	1
59	120	1
59	4	1
59	84	1
59	85	1
59	112	1
34	56	1
34	32	1
34	38	1
34	35	1
34	95	1
34	90	1
34	29	1
34	71	1
34	50	1
34	57	1
34	98	1
34	97	1
34	49	1
34	114	1
34	77	1
34	80	1
34	81	1
34	82	1
34	75	1
34	117	1
34	47	1
34	46	1
34	45	1
34	48	1
34	100	1
34	74	1
34	108	1
34	105	1
34	73	1
34	33	1
34	103	1
34	101	1
34	113	1
34	20	1
34	17	1
34	68	1
34	67	1
34	61	1
34	42	1
34	120	1
34	4	1
34	84	1
34	85	1
34	112	1
56	32	1
56	38	1
56	35	1
56	95	1
56	90	1
56	29	1
56	71	1
56	50	1
56	57	1
56	98	1
56	97	1
56	49	1
56	114	1
56	77	1
56	80	1
56	81	1
56	82	1
56	75	1
56	117	1
56	47	1
56	46	1
56	45	1
56	48	1
56	100	1
56	74	1
56	108	1
56	105	1
56	73	1
56	33	1
56	103	1
56	101	1
56	113	1
56	20	1
56	17	1
56	68	1
56	67	1
56	61	1
56	42	1
56	120	1
56	4	1
56	84	1
56	85	1
56	112	1
32	38	1
32	35	1
32	95	1
32	90	1
32	29	1
32	71	1
32	50	1
32	57	1
32	98	1
32	97	1
32	49	1
32	114	1
32	77	1
32	80	1
32	81	1
32	82	1
32	75	1
32	117	1
32	47	1
32	46	1
32	45	1
32	48	1
32	100	1
32	74	1
32	108	1
32	105	1
32	73	1
32	33	1
32	103	1
32	101	1
32	113	1
32	20	1
32	17	1
32	68	1
32	67	1
32	61	1
32	42	1
32	120	1
32	4	1
32	84	1
32	85	1
32	112	1
38	35	1
38	95	1
38	90	1
38	29	1
38	71	1
38	50	1
38	57	1
38	98	1
38	97	1
38	49	1
38	114	1
38	77	1
38	80	1
38	81	1
38	82	1
38	75	1
38	117	1
38	47	1
38	46	1
38	45	1
38	48	1
38	100	1
38	74	1
38	108	1
38	105	1
38	73	1
38	33	1
38	103	1
38	101	1
38	113	1
38	20	1
38	17	1
38	68	1
38	67	1
38	61	1
38	42	1
38	120	1
38	4	1
38	84	1
38	85	1
38	112	1
35	95	1
35	90	1
35	29	1
35	71	1
35	50	1
35	57	1
35	98	1
35	97	1
35	49	1
35	114	1
35	77	1
35	80	1
35	81	1
35	82	1
35	75	1
35	117	1
35	47	1
35	46	1
35	45	1
35	48	1
35	100	1
35	74	1
35	108	1
35	105	1
35	73	1
35	33	1
35	103	1
35	101	1
35	113	1
35	20	1
35	17	1
35	68	1
35	67	1
35	61	1
35	42	1
35	120	1
35	4	1
35	84	1
35	85	1
35	112	1
95	90	1
95	29	1
95	71	1
95	50	1
95	57	1
95	98	1
95	97	1
95	49	1
95	114	1
95	77	1
95	80	1
95	81	1
95	82	1
95	75	1
95	117	1
95	47	1
95	46	1
95	45	1
95	48	1
95	100	1
95	74	1
95	108	1
95	105	1
95	73	1
95	33	1
95	103	1
95	101	1
95	113	1
95	20	1
95	17	1
95	68	1
95	67	1
95	61	1
95	42	1
95	120	1
95	4	1
95	84	1
95	85	1
95	112	1
90	29	1
90	71	1
90	50	1
90	57	1
90	98	1
90	97	1
90	49	1
90	114	1
90	77	1
90	80	1
90	81	1
90	82	1
90	75	1
90	117	1
90	47	1
90	46	1
90	45	1
90	48	1
90	100	1
90	74	1
90	108	1
90	105	1
90	73	1
90	33	1
90	103	1
90	101	1
90	113	1
90	20	1
90	17	1
90	68	1
90	67	1
90	61	1
90	42	1
90	120	1
90	4	1
90	84	1
90	85	1
90	112	1
29	71	1
29	50	1
29	57	1
29	98	1
29	97	1
29	49	1
29	114	1
29	77	1
29	80	1
29	81	1
29	82	1
29	75	1
29	117	1
29	47	1
29	46	1
29	45	1
29	48	1
29	100	1
29	74	1
29	108	1
29	105	1
29	73	1
29	33	1
29	103	1
29	101	1
29	113	1
29	20	1
29	17	1
29	68	1
29	67	1
29	61	1
29	42	1
29	120	1
29	4	1
29	84	1
29	85	1
29	112	1
71	50	1
71	57	1
71	98	1
71	97	1
71	49	1
71	114	1
71	77	1
71	80	1
71	81	1
71	82	1
71	75	1
71	117	1
71	47	1
71	46	1
71	45	1
71	48	1
71	100	1
71	74	1
71	108	1
71	105	1
71	73	1
71	33	1
71	103	1
71	101	1
71	113	1
71	20	1
71	17	1
71	68	1
71	67	1
71	61	1
71	42	1
71	120	1
71	4	1
71	84	1
71	85	1
71	112	1
50	57	1
50	98	1
50	97	1
50	49	1
50	114	1
50	77	1
50	80	1
50	81	1
50	82	1
50	75	1
50	117	1
50	47	1
50	46	1
50	45	1
50	48	1
50	100	1
50	74	1
50	108	1
50	105	1
50	73	1
50	33	1
50	103	1
50	101	1
50	113	1
50	20	1
50	17	1
50	68	1
50	67	1
50	61	1
50	42	1
50	120	1
50	4	1
50	84	1
50	85	1
50	112	1
57	98	1
57	97	1
57	49	1
57	114	1
57	77	1
57	80	1
57	81	1
57	82	1
57	75	1
57	117	1
57	47	1
57	46	1
57	45	1
57	48	1
57	100	1
57	74	1
57	108	1
57	105	1
57	73	1
57	33	1
57	103	1
57	101	1
57	113	1
57	20	1
57	17	1
57	68	1
57	67	1
57	61	1
57	42	1
57	120	1
57	4	1
57	84	1
57	85	1
57	112	1
98	97	1
98	49	1
98	114	1
98	77	1
98	80	1
98	81	1
98	82	1
98	75	1
98	117	1
98	47	1
98	46	1
98	45	1
98	48	1
98	100	1
98	74	1
98	108	1
98	105	1
98	73	1
98	33	1
98	103	1
98	101	1
98	113	1
98	20	1
98	17	1
98	68	1
98	67	1
98	61	1
98	42	1
98	120	1
98	4	1
98	84	1
98	85	1
98	112	1
97	49	1
97	114	1
97	77	1
97	80	1
97	81	1
97	82	1
97	75	1
97	117	1
97	47	1
97	46	1
97	45	1
97	48	1
97	100	1
97	74	1
97	108	1
97	105	1
97	73	1
97	33	1
97	103	1
97	101	1
97	113	1
97	20	1
97	17	1
97	68	1
97	67	1
97	61	1
97	42	1
97	120	1
97	4	1
97	84	1
97	85	1
97	112	1
49	114	1
49	77	1
49	80	1
49	81	1
49	82	1
49	75	1
49	117	1
49	47	1
49	46	1
49	45	1
49	48	1
49	100	1
49	74	1
49	108	1
49	105	1
49	73	1
49	33	1
49	103	1
49	101	1
49	113	1
49	20	1
49	17	1
49	68	1
49	67	1
49	61	1
49	42	1
49	120	1
49	4	1
49	84	1
49	85	1
49	112	1
114	77	1
114	80	1
114	81	1
114	82	1
114	75	1
114	117	1
114	47	1
114	46	1
114	45	1
114	48	1
114	100	1
114	74	1
114	108	1
114	105	1
114	73	1
114	33	1
114	103	1
114	101	1
114	113	1
114	20	1
114	17	1
114	68	1
114	67	1
114	61	1
114	42	1
114	120	1
114	4	1
114	84	1
114	85	1
114	112	1
77	80	1
77	81	1
77	82	1
77	75	1
77	117	1
77	47	1
77	46	1
77	45	1
77	48	1
77	100	1
77	74	1
77	108	1
77	105	1
77	73	1
77	33	1
77	103	1
77	101	1
77	113	1
77	20	1
77	17	1
77	68	1
77	67	1
77	61	1
77	42	1
77	120	1
77	4	1
77	84	1
77	85	1
77	112	1
80	81	1
80	82	1
80	75	1
80	117	1
80	47	1
80	46	1
80	45	1
80	48	1
80	100	1
80	74	1
80	108	1
80	105	1
80	73	1
80	33	1
80	103	1
80	101	1
80	113	1
80	20	1
80	17	1
80	68	1
80	67	1
80	61	1
80	42	1
80	120	1
80	4	1
80	84	1
80	85	1
80	112	1
81	82	1
81	75	1
81	117	1
81	47	1
81	46	1
81	45	1
81	48	1
81	100	1
81	74	1
81	108	1
81	105	1
81	73	1
81	33	1
81	103	1
81	101	1
81	113	1
81	20	1
81	17	1
81	68	1
81	67	1
81	61	1
81	42	1
81	120	1
81	4	1
81	84	1
81	85	1
81	112	1
82	75	1
82	117	1
82	47	1
82	46	1
82	45	1
82	48	1
82	100	1
82	74	1
82	108	1
82	105	1
82	73	1
82	33	1
82	103	1
82	101	1
82	113	1
82	20	1
82	17	1
82	68	1
82	67	1
82	61	1
82	42	1
82	120	1
82	4	1
82	84	1
82	85	1
82	112	1
75	117	1
75	47	1
75	46	1
75	45	1
75	48	1
75	100	1
75	74	1
75	108	1
75	105	1
75	73	1
75	33	1
75	103	1
75	101	1
75	113	1
75	20	1
75	17	1
75	68	1
75	67	1
75	61	1
75	42	1
75	120	1
75	4	1
75	84	1
75	85	1
75	112	1
117	47	1
117	46	1
117	45	1
117	48	1
117	100	1
117	74	1
117	108	1
117	105	1
117	73	1
117	33	1
117	103	1
117	101	1
117	113	1
117	20	1
117	17	1
117	68	1
117	67	1
117	61	1
117	42	1
117	120	1
117	4	1
117	84	1
117	85	1
117	112	1
47	46	1
47	45	1
47	48	1
47	100	1
47	74	1
47	108	1
47	105	1
47	73	1
47	33	1
47	103	1
47	101	1
47	113	1
47	20	1
47	17	1
47	68	1
47	67	1
47	61	1
47	42	1
47	120	1
47	4	1
47	84	1
47	85	1
47	112	1
46	45	1
46	48	1
46	100	1
46	74	1
46	108	1
46	105	1
46	73	1
46	33	1
46	103	1
46	101	1
46	113	1
46	20	1
46	17	1
46	68	1
46	67	1
46	61	1
46	42	1
46	120	1
46	4	1
46	84	1
46	85	1
46	112	1
45	48	1
45	100	1
45	74	1
45	108	1
45	105	1
45	73	1
45	33	1
45	103	1
45	101	1
45	113	1
45	20	1
45	17	1
45	68	1
45	67	1
45	61	1
45	42	1
45	120	1
45	4	1
45	84	1
45	85	1
45	112	1
48	100	1
48	74	1
48	108	1
48	105	1
48	73	1
48	33	1
48	103	1
48	101	1
48	113	1
48	20	1
48	17	1
48	68	1
48	67	1
48	61	1
48	42	1
48	120	1
48	4	1
48	84	1
48	85	1
48	112	1
100	74	1
100	108	1
100	105	1
100	73	1
100	33	1
100	103	1
100	101	1
100	113	1
100	20	1
100	17	1
100	68	1
100	67	1
100	61	1
100	42	1
100	120	1
100	4	1
100	84	1
100	85	1
100	112	1
74	108	1
74	105	1
74	73	1
74	33	1
74	103	1
74	101	1
74	113	1
74	20	1
74	17	1
74	68	1
74	67	1
74	61	1
74	42	1
74	120	1
74	4	1
74	84	1
74	85	1
74	112	1
108	105	1
108	73	1
108	33	1
108	103	1
108	101	1
108	113	1
108	20	1
108	17	1
108	68	1
108	67	1
108	61	1
108	42	1
108	120	1
108	4	1
108	84	1
108	85	1
108	112	1
105	73	1
105	33	1
105	103	1
105	101	1
105	113	1
105	20	1
105	17	1
105	68	1
105	67	1
105	61	1
105	42	1
105	120	1
105	4	1
105	84	1
105	85	1
105	112	1
73	33	1
73	103	1
73	101	1
73	113	1
73	20	1
73	17	1
73	68	1
73	67	1
73	61	1
73	42	1
73	120	1
73	4	1
73	84	1
73	85	1
73	112	1
33	103	1
33	101	1
33	113	1
33	20	1
33	17	1
33	68	1
33	67	1
33	61	1
33	42	1
33	120	1
33	4	1
33	84	1
33	85	1
33	112	1
103	101	1
103	113	1
103	20	1
103	17	1
103	68	1
103	67	1
103	61	1
103	42	1
103	120	1
103	4	1
103	84	1
103	85	1
103	112	1
101	113	1
101	20	1
101	17	1
101	68	1
101	67	1
101	61	1
101	42	1
101	120	1
101	4	1
101	84	1
101	85	1
101	112	1
113	20	1
113	17	1
113	68	1
113	67	1
113	61	1
113	42	1
113	120	1
113	4	1
113	84	1
113	85	1
113	112	1
20	17	1
20	68	1
20	67	1
20	61	1
20	42	1
20	120	1
20	4	1
20	84	1
20	85	1
20	112	1
17	68	1
17	67	1
17	61	1
17	42	1
17	120	1
17	4	1
17	84	1
17	85	1
17	112	1
68	67	1
68	61	1
68	42	1
68	120	1
68	4	1
68	84	1
68	85	1
68	112	1
67	61	1
67	42	1
67	120	1
67	4	1
67	84	1
67	85	1
67	112	1
61	42	1
61	120	1
61	4	1
61	84	1
61	85	1
61	112	1
42	120	1
42	4	1
42	84	1
42	85	1
42	112	1
120	4	1
120	84	1
120	85	1
120	112	1
4	84	1
4	85	1
4	112	1
84	85	1
84	112	1
85	112	1
