23	59	1
23	96	1
23	32	1
23	38	1
23	36	1
23	35	1
23	95	1
23	90	1
23	53	1
23	26	1
23	31	1
23	29	1
23	71	1
23	98	1
23	49	1
23	78	1
23	51	1
23	65	1
23	80	1
23	75	1
23	116	1
23	117	1
23	46	1
23	48	1
23	100	1
23	74	1
23	108	1
23	73	1
23	33	1
23	104	1
23	103	1
23	17	1
23	69	1
23	1	1
23	67	1
23	40	1
23	39	1
23	120	1
23	84	1
23	109	1
23	110	1
59	96	1
59	32	1
59	38	1
59	36	1
59	35	1
59	95	1
59	90	1
59	53	1
59	26	1
59	31	1
59	29	1
59	71	1
59	98	1
59	49	1
59	78	1
59	51	1
59	65	1
59	80	1
59	75	1
59	116	1
59	117	1
59	46	1
59	48	1
59	100	1
59	74	1
59	108	1
59	73	1
59	33	1
59	104	1
59	103	1
59	17	1
59	69	1
59	1	1
59	67	1
59	40	1
59	39	1
59	120	1
59	84	1
59	109	1
59	110	1
96	32	1
96	38	1
96	36	1
96	35	1
96	95	1
96	90	1
96	53	1
96	26	1
96	31	1
96	29	1
96	71	1
96	98	1
96	49	1
96	78	1
96	51	1
96	65	1
96	80	1
96	75	1
96	116	1
96	117	1
96	46	1
96	48	1
96	100	1
96	74	1
96	108	1
96	73	1
96	33	1
96	104	1
96	103	1
96	17	1
96	69	1
96	1	1
96	67	1
96	40	1
96	39	1
96	120	1
96	84	1
96	109	1
96	110	1
32	38	1
32	36	1
32	35	1
32	95	1
32	90	1
32	53	1
32	26	1
32	31	1
32	29	1
32	71	1
32	98	1
32	49	1
32	78	1
32	51	1
32	65	1
32	80	1
32	75	1
32	116	1
32	117	1
32	46	1
32	48	1
32	100	1
32	74	1
32	108	1
32	73	1
32	33	1
32	104	1
32	103	1
32	17	1
32	69	1
32	1	1
32	67	1
32	40	1
32	39	1
32	120	1
32	84	1
32	109	1
32	110	1
38	36	1
38	35	1
38	95	1
38	90	1
38	53	1
38	26	1
38	31	1
38	29	1
38	71	1
38	98	1
38	49	1
38	78	1
38	51	1
38	65	1
38	80	1
38	75	1
38	116	1
38	117	1
38	46	1
38	48	1
38	100	1
38	74	1
38	108	1
38	73	1
38	33	1
38	104	1
38	103	1
38	17	1
38	69	1
38	1	1
38	67	1
38	40	1
38	39	1
38	120	1
38	84	1
38	109	1
38	110	1
36	35	1
36	95	1
36	90	1
36	53	1
36	26	1
36	31	1
36	29	1
36	71	1
36	98	1
36	49	1
36	78	1
36	51	1
36	65	1
36	80	1
36	75	1
36	116	1
36	117	1
36	46	1
36	48	1
36	100	1
36	74	1
36	108	1
36	73	1
36	33	1
36	104	1
36	103	1
36	17	1
36	69	1
36	1	1
36	67	1
36	40	1
36	39	1
36	120	1
36	84	1
36	109	1
36	110	1
35	95	1
35	90	1
35	53	1
35	26	1
35	31	1
35	29	1
35	71	1
35	98	1
35	49	1
35	78	1
35	51	1
35	65	1
35	80	1
35	75	1
35	116	1
35	117	1
35	46	1
35	48	1
35	100	1
35	74	1
35	108	1
35	73	1
35	33	1
35	104	1
35	103	1
35	17	1
35	69	1
35	1	1
35	67	1
35	40	1
35	39	1
35	120	1
35	84	1
35	109	1
35	110	1
95	90	1
95	53	1
95	26	1
95	31	1
95	29	1
95	71	1
95	98	1
95	49	1
95	78	1
95	51	1
95	65	1
95	80	1
95	75	1
95	116	1
95	117	1
95	46	1
95	48	1
95	100	1
95	74	1
95	108	1
95	73	1
95	33	1
95	104	1
95	103	1
95	17	1
95	69	1
95	1	1
95	67	1
95	40	1
95	39	1
95	120	1
95	84	1
95	109	1
95	110	1
90	53	1
90	26	1
90	31	1
90	29	1
90	71	1
90	98	1
90	49	1
90	78	1
90	51	1
90	65	1
90	80	1
90	75	1
90	116	1
90	117	1
90	46	1
90	48	1
90	100	1
90	74	1
90	108	1
90	73	1
90	33	1
90	104	1
90	103	1
90	17	1
90	69	1
90	1	1
90	67	1
90	40	1
90	39	1
90	120	1
90	84	1
90	109	1
90	110	1
53	26	1
53	31	1
53	29	1
53	71	1
53	98	1
53	49	1
53	78	1
53	51	1
53	65	1
53	80	1
53	75	1
53	116	1
53	117	1
53	46	1
53	48	1
53	100	1
53	74	1
53	108	1
53	73	1
53	33	1
53	104	1
53	103	1
53	17	1
53	69	1
53	1	1
53	67	1
53	40	1
53	39	1
53	120	1
53	84	1
53	109	1
53	110	1
26	31	1
26	29	1
26	71	1
26	98	1
26	49	1
26	78	1
26	51	1
26	65	1
26	80	1
26	75	1
26	116	1
26	117	1
26	46	1
26	48	1
26	100	1
26	74	1
26	108	1
26	73	1
26	33	1
26	104	1
26	103	1
26	17	1
26	69	1
26	1	1
26	67	1
26	40	1
26	39	1
26	120	1
26	84	1
26	109	1
26	110	1
31	29	1
31	71	1
31	98	1
31	49	1
31	78	1
31	51	1
31	65	1
31	80	1
31	75	1
31	116	1
31	117	1
31	46	1
31	48	1
31	100	1
31	74	1
31	108	1
31	73	1
31	33	1
31	104	1
31	103	1
31	17	1
31	69	1
31	1	1
31	67	1
31	40	1
31	39	1
31	120	1
31	84	1
31	109	1
31	110	1
29	71	1
29	98	1
29	49	1
29	78	1
29	51	1
29	65	1
29	80	1
29	75	1
29	116	1
29	117	1
29	46	1
29	48	1
29	100	1
29	74	1
29	108	1
29	73	1
29	33	1
29	104	1
29	103	1
29	17	1
29	69	1
29	1	1
29	67	1
29	40	1
29	39	1
29	120	1
29	84	1
29	109	1
29	110	1
71	98	1
71	49	1
71	78	1
71	51	1
71	65	1
71	80	1
71	75	1
71	116	1
71	117	1
71	46	1
71	48	1
71	100	1
71	74	1
71	108	1
71	73	1
71	33	1
71	104	1
71	103	1
71	17	1
71	69	1
71	1	1
71	67	1
71	40	1
71	39	1
71	120	1
71	84	1
71	109	1
71	110	1
98	49	1
98	78	1
98	51	1
98	65	1
98	80	1
98	75	1
98	116	1
98	117	1
98	46	1
98	48	1
98	100	1
98	74	1
98	108	1
98	73	1
98	33	1
98	104	1
98	103	1
98	17	1
98	69	1
98	1	1
98	67	1
98	40	1
98	39	1
98	120	1
98	84	1
98	109	1
98	110	1
49	78	1
49	51	1
49	65	1
49	80	1
49	75	1
49	116	1
49	117	1
49	46	1
49	48	1
49	100	1
49	74	1
49	108	1
49	73	1
49	33	1
49	104	1
49	103	1
49	17	1
49	69	1
49	1	1
49	67	1
49	40	1
49	39	1
49	120	1
49	84	1
49	109	1
49	110	1
78	51	1
78	65	1
78	80	1
78	75	1
78	116	1
78	117	1
78	46	1
78	48	1
78	100	1
78	74	1
78	108	1
78	73	1
78	33	1
78	104	1
78	103	1
78	17	1
78	69	1
78	1	1
78	67	1
78	40	1
78	39	1
78	120	1
78	84	1
78	109	1
78	110	1
51	65	1
51	80	1
51	75	1
51	116	1
51	117	1
51	46	1
51	48	1
51	100	1
51	74	1
51	108	1
51	73	1
51	33	1
51	104	1
51	103	1
51	17	1
51	69	1
51	1	1
51	67	1
51	40	1
51	39	1
51	120	1
51	84	1
51	109	1
51	110	1
65	80	1
65	75	1
65	116	1
65	117	1
65	46	1
65	48	1
65	100	1
65	74	1
65	108	1
65	73	1
65	33	1
65	104	1
65	103	1
65	17	1
65	69	1
65	1	1
65	67	1
65	40	1
65	39	1
65	120	1
65	84	1
65	109	1
65	110	1
80	75	1
80	116	1
80	117	1
80	46	1
80	48	1
80	100	1
80	74	1
80	108	1
80	73	1
80	33	1
80	104	1
80	103	1
80	17	1
80	69	1
80	1	1
80	67	1
80	40	1
80	39	1
80	120	1
80	84	1
80	109	1
80	110	1
75	116	1
75	117	1
75	46	1
75	48	1
75	100	1
75	74	1
75	108	1
75	73	1
75	33	1
75	104	1
75	103	1
75	17	1
75	69	1
75	1	1
75	67	1
75	40	1
75	39	1
75	120	1
75	84	1
75	109	1
75	110	1
116	117	1
116	46	1
116	48	1
116	100	1
116	74	1
116	108	1
116	73	1
116	33	1
116	104	1
116	103	1
116	17	1
116	69	1
116	1	1
116	67	1
116	40	1
116	39	1
116	120	1
116	84	1
116	109	1
116	110	1
117	46	1
117	48	1
117	100	1
117	74	1
117	108	1
117	73	1
117	33	1
117	104	1
117	103	1
117	17	1
117	69	1
117	1	1
117	67	1
117	40	1
117	39	1
117	120	1
117	84	1
117	109	1
117	110	1
46	48	1
46	100	1
46	74	1
46	108	1
46	73	1
46	33	1
46	104	1
46	103	1
46	17	1
46	69	1
46	1	1
46	67	1
46	40	1
46	39	1
46	120	1
46	84	1
46	109	1
46	110	1
48	100	1
48	74	1
48	108	1
48	73	1
48	33	1
48	104	1
48	103	1
48	17	1
48	69	1
48	1	1
48	67	1
48	40	1
48	39	1
48	120	1
48	84	1
48	109	1
48	110	1
100	74	1
100	108	1
100	73	1
100	33	1
100	104	1
100	103	1
100	17	1
100	69	1
100	1	1
100	67	1
100	40	1
100	39	1
100	120	1
100	84	1
100	109	1
100	110	1
74	108	1
74	73	1
74	33	1
74	104	1
74	103	1
74	17	1
74	69	1
74	1	1
74	67	1
74	40	1
74	39	1
74	120	1
74	84	1
74	109	1
74	110	1
108	73	1
108	33	1
108	104	1
108	103	1
108	17	1
108	69	1
108	1	1
108	67	1
108	40	1
108	39	1
108	120	1
108	84	1
108	109	1
108	110	1
73	33	1
73	104	1
73	103	1
73	17	1
73	69	1
73	1	1
73	67	1
73	40	1
73	39	1
73	120	1
73	84	1
73	109	1
73	110	1
33	104	1
33	103	1
33	17	1
33	69	1
33	1	1
33	67	1
33	40	1
33	39	1
33	120	1
33	84	1
33	109	1
33	110	1
104	103	1
104	17	1
104	69	1
104	1	1
104	67	1
104	40	1
104	39	1
104	120	1
104	84	1
104	109	1
104	110	1
103	17	1
103	69	1
103	1	1
103	67	1
103	40	1
103	39	1
103	120	1
103	84	1
103	109	1
103	110	1
17	69	1
17	1	1
17	67	1
17	40	1
17	39	1
17	120	1
17	84	1
17	109	1
17	110	1
69	1	1
69	67	1
69	40	1
69	39	1
69	120	1
69	84	1
69	109	1
69	110	1
1	67	1
1	40	1
1	39	1
1	120	1
1	84	1
1	109	1
1	110	1
67	40	1
67	39	1
67	120	1
67	84	1
67	109	1
67	110	1
40	39	1
40	120	1
40	84	1
40	109	1
40	110	1
39	120	1
39	84	1
39	109	1
39	110	1
120	84	1
120	109	1
120	110	1
84	109	1
84	110	1
109	110	1
