89	88	1
89	86	1
89	25	1
89	12	1
89	23	1
89	2	1
89	58	1
89	32	1
89	36	1
89	35	1
89	95	1
89	90	1
89	53	1
89	28	1
89	27	1
89	98	1
89	49	1
89	77	1
89	78	1
89	51	1
89	80	1
89	81	1
89	75	1
89	115	1
89	119	1
89	47	1
89	46	1
89	45	1
89	48	1
89	106	1
89	107	1
89	74	1
89	108	1
89	73	1
89	20	1
89	70	1
89	68	1
89	72	1
89	61	1
89	40	1
89	42	1
89	63	1
89	109	1
88	86	1
88	25	1
88	12	1
88	23	1
88	2	1
88	58	1
88	32	1
88	36	1
88	35	1
88	95	1
88	90	1
88	53	1
88	28	1
88	27	1
88	98	1
88	49	1
88	77	1
88	78	1
88	51	1
88	80	1
88	81	1
88	75	1
88	115	1
88	119	1
88	47	1
88	46	1
88	45	1
88	48	1
88	106	1
88	107	1
88	74	1
88	108	1
88	73	1
88	20	1
88	70	1
88	68	1
88	72	1
88	61	1
88	40	1
88	42	1
88	63	1
88	109	1
86	25	1
86	12	1
86	23	1
86	2	1
86	58	1
86	32	1
86	36	1
86	35	1
86	95	1
86	90	1
86	53	1
86	28	1
86	27	1
86	98	1
86	49	1
86	77	1
86	78	1
86	51	1
86	80	1
86	81	1
86	75	1
86	115	1
86	119	1
86	47	1
86	46	1
86	45	1
86	48	1
86	106	1
86	107	1
86	74	1
86	108	1
86	73	1
86	20	1
86	70	1
86	68	1
86	72	1
86	61	1
86	40	1
86	42	1
86	63	1
86	109	1
25	12	1
25	23	1
25	2	1
25	58	1
25	32	1
25	36	1
25	35	1
25	95	1
25	90	1
25	53	1
25	28	1
25	27	1
25	98	1
25	49	1
25	77	1
25	78	1
25	51	1
25	80	1
25	81	1
25	75	1
25	115	1
25	119	1
25	47	1
25	46	1
25	45	1
25	48	1
25	106	1
25	107	1
25	74	1
25	108	1
25	73	1
25	20	1
25	70	1
25	68	1
25	72	1
25	61	1
25	40	1
25	42	1
25	63	1
25	109	1
12	23	1
12	2	1
12	58	1
12	32	1
12	36	1
12	35	1
12	95	1
12	90	1
12	53	1
12	28	1
12	27	1
12	98	1
12	49	1
12	77	1
12	78	1
12	51	1
12	80	1
12	81	1
12	75	1
12	115	1
12	119	1
12	47	1
12	46	1
12	45	1
12	48	1
12	106	1
12	107	1
12	74	1
12	108	1
12	73	1
12	20	1
12	70	1
12	68	1
12	72	1
12	61	1
12	40	1
12	42	1
12	63	1
12	109	1
23	2	1
23	58	1
23	32	1
23	36	1
23	35	1
23	95	1
23	90	1
23	53	1
23	28	1
23	27	1
23	98	1
23	49	1
23	77	1
23	78	1
23	51	1
23	80	1
23	81	1
23	75	1
23	115	1
23	119	1
23	47	1
23	46	1
23	45	1
23	48	1
23	106	1
23	107	1
23	74	1
23	108	1
23	73	1
23	20	1
23	70	1
23	68	1
23	72	1
23	61	1
23	40	1
23	42	1
23	63	1
23	109	1
2	58	1
2	32	1
2	36	1
2	35	1
2	95	1
2	90	1
2	53	1
2	28	1
2	27	1
2	98	1
2	49	1
2	77	1
2	78	1
2	51	1
2	80	1
2	81	1
2	75	1
2	115	1
2	119	1
2	47	1
2	46	1
2	45	1
2	48	1
2	106	1
2	107	1
2	74	1
2	108	1
2	73	1
2	20	1
2	70	1
2	68	1
2	72	1
2	61	1
2	40	1
2	42	1
2	63	1
2	109	1
58	32	1
58	36	1
58	35	1
58	95	1
58	90	1
58	53	1
58	28	1
58	27	1
58	98	1
58	49	1
58	77	1
58	78	1
58	51	1
58	80	1
58	81	1
58	75	1
58	115	1
58	119	1
58	47	1
58	46	1
58	45	1
58	48	1
58	106	1
58	107	1
58	74	1
58	108	1
58	73	1
58	20	1
58	70	1
58	68	1
58	72	1
58	61	1
58	40	1
58	42	1
58	63	1
58	109	1
32	36	1
32	35	1
32	95	1
32	90	1
32	53	1
32	28	1
32	27	1
32	98	1
32	49	1
32	77	1
32	78	1
32	51	1
32	80	1
32	81	1
32	75	1
32	115	1
32	119	1
32	47	1
32	46	1
32	45	1
32	48	1
32	106	1
32	107	1
32	74	1
32	108	1
32	73	1
32	20	1
32	70	1
32	68	1
32	72	1
32	61	1
32	40	1
32	42	1
32	63	1
32	109	1
36	35	1
36	95	1
36	90	1
36	53	1
36	28	1
36	27	1
36	98	1
36	49	1
36	77	1
36	78	1
36	51	1
36	80	1
36	81	1
36	75	1
36	115	1
36	119	1
36	47	1
36	46	1
36	45	1
36	48	1
36	106	1
36	107	1
36	74	1
36	108	1
36	73	1
36	20	1
36	70	1
36	68	1
36	72	1
36	61	1
36	40	1
36	42	1
36	63	1
36	109	1
35	95	1
35	90	1
35	53	1
35	28	1
35	27	1
35	98	1
35	49	1
35	77	1
35	78	1
35	51	1
35	80	1
35	81	1
35	75	1
35	115	1
35	119	1
35	47	1
35	46	1
35	45	1
35	48	1
35	106	1
35	107	1
35	74	1
35	108	1
35	73	1
35	20	1
35	70	1
35	68	1
35	72	1
35	61	1
35	40	1
35	42	1
35	63	1
35	109	1
95	90	1
95	53	1
95	28	1
95	27	1
95	98	1
95	49	1
95	77	1
95	78	1
95	51	1
95	80	1
95	81	1
95	75	1
95	115	1
95	119	1
95	47	1
95	46	1
95	45	1
95	48	1
95	106	1
95	107	1
95	74	1
95	108	1
95	73	1
95	20	1
95	70	1
95	68	1
95	72	1
95	61	1
95	40	1
95	42	1
95	63	1
95	109	1
90	53	1
90	28	1
90	27	1
90	98	1
90	49	1
90	77	1
90	78	1
90	51	1
90	80	1
90	81	1
90	75	1
90	115	1
90	119	1
90	47	1
90	46	1
90	45	1
90	48	1
90	106	1
90	107	1
90	74	1
90	108	1
90	73	1
90	20	1
90	70	1
90	68	1
90	72	1
90	61	1
90	40	1
90	42	1
90	63	1
90	109	1
53	28	1
53	27	1
53	98	1
53	49	1
53	77	1
53	78	1
53	51	1
53	80	1
53	81	1
53	75	1
53	115	1
53	119	1
53	47	1
53	46	1
53	45	1
53	48	1
53	106	1
53	107	1
53	74	1
53	108	1
53	73	1
53	20	1
53	70	1
53	68	1
53	72	1
53	61	1
53	40	1
53	42	1
53	63	1
53	109	1
28	27	1
28	98	1
28	49	1
28	77	1
28	78	1
28	51	1
28	80	1
28	81	1
28	75	1
28	115	1
28	119	1
28	47	1
28	46	1
28	45	1
28	48	1
28	106	1
28	107	1
28	74	1
28	108	1
28	73	1
28	20	1
28	70	1
28	68	1
28	72	1
28	61	1
28	40	1
28	42	1
28	63	1
28	109	1
27	98	1
27	49	1
27	77	1
27	78	1
27	51	1
27	80	1
27	81	1
27	75	1
27	115	1
27	119	1
27	47	1
27	46	1
27	45	1
27	48	1
27	106	1
27	107	1
27	74	1
27	108	1
27	73	1
27	20	1
27	70	1
27	68	1
27	72	1
27	61	1
27	40	1
27	42	1
27	63	1
27	109	1
98	49	1
98	77	1
98	78	1
98	51	1
98	80	1
98	81	1
98	75	1
98	115	1
98	119	1
98	47	1
98	46	1
98	45	1
98	48	1
98	106	1
98	107	1
98	74	1
98	108	1
98	73	1
98	20	1
98	70	1
98	68	1
98	72	1
98	61	1
98	40	1
98	42	1
98	63	1
98	109	1
49	77	1
49	78	1
49	51	1
49	80	1
49	81	1
49	75	1
49	115	1
49	119	1
49	47	1
49	46	1
49	45	1
49	48	1
49	106	1
49	107	1
49	74	1
49	108	1
49	73	1
49	20	1
49	70	1
49	68	1
49	72	1
49	61	1
49	40	1
49	42	1
49	63	1
49	109	1
77	78	1
77	51	1
77	80	1
77	81	1
77	75	1
77	115	1
77	119	1
77	47	1
77	46	1
77	45	1
77	48	1
77	106	1
77	107	1
77	74	1
77	108	1
77	73	1
77	20	1
77	70	1
77	68	1
77	72	1
77	61	1
77	40	1
77	42	1
77	63	1
77	109	1
78	51	1
78	80	1
78	81	1
78	75	1
78	115	1
78	119	1
78	47	1
78	46	1
78	45	1
78	48	1
78	106	1
78	107	1
78	74	1
78	108	1
78	73	1
78	20	1
78	70	1
78	68	1
78	72	1
78	61	1
78	40	1
78	42	1
78	63	1
78	109	1
51	80	1
51	81	1
51	75	1
51	115	1
51	119	1
51	47	1
51	46	1
51	45	1
51	48	1
51	106	1
51	107	1
51	74	1
51	108	1
51	73	1
51	20	1
51	70	1
51	68	1
51	72	1
51	61	1
51	40	1
51	42	1
51	63	1
51	109	1
80	81	1
80	75	1
80	115	1
80	119	1
80	47	1
80	46	1
80	45	1
80	48	1
80	106	1
80	107	1
80	74	1
80	108	1
80	73	1
80	20	1
80	70	1
80	68	1
80	72	1
80	61	1
80	40	1
80	42	1
80	63	1
80	109	1
81	75	1
81	115	1
81	119	1
81	47	1
81	46	1
81	45	1
81	48	1
81	106	1
81	107	1
81	74	1
81	108	1
81	73	1
81	20	1
81	70	1
81	68	1
81	72	1
81	61	1
81	40	1
81	42	1
81	63	1
81	109	1
75	115	1
75	119	1
75	47	1
75	46	1
75	45	1
75	48	1
75	106	1
75	107	1
75	74	1
75	108	1
75	73	1
75	20	1
75	70	1
75	68	1
75	72	1
75	61	1
75	40	1
75	42	1
75	63	1
75	109	1
115	119	1
115	47	1
115	46	1
115	45	1
115	48	1
115	106	1
115	107	1
115	74	1
115	108	1
115	73	1
115	20	1
115	70	1
115	68	1
115	72	1
115	61	1
115	40	1
115	42	1
115	63	1
115	109	1
119	47	1
119	46	1
119	45	1
119	48	1
119	106	1
119	107	1
119	74	1
119	108	1
119	73	1
119	20	1
119	70	1
119	68	1
119	72	1
119	61	1
119	40	1
119	42	1
119	63	1
119	109	1
47	46	1
47	45	1
47	48	1
47	106	1
47	107	1
47	74	1
47	108	1
47	73	1
47	20	1
47	70	1
47	68	1
47	72	1
47	61	1
47	40	1
47	42	1
47	63	1
47	109	1
46	45	1
46	48	1
46	106	1
46	107	1
46	74	1
46	108	1
46	73	1
46	20	1
46	70	1
46	68	1
46	72	1
46	61	1
46	40	1
46	42	1
46	63	1
46	109	1
45	48	1
45	106	1
45	107	1
45	74	1
45	108	1
45	73	1
45	20	1
45	70	1
45	68	1
45	72	1
45	61	1
45	40	1
45	42	1
45	63	1
45	109	1
48	106	1
48	107	1
48	74	1
48	108	1
48	73	1
48	20	1
48	70	1
48	68	1
48	72	1
48	61	1
48	40	1
48	42	1
48	63	1
48	109	1
106	107	1
106	74	1
106	108	1
106	73	1
106	20	1
106	70	1
106	68	1
106	72	1
106	61	1
106	40	1
106	42	1
106	63	1
106	109	1
107	74	1
107	108	1
107	73	1
107	20	1
107	70	1
107	68	1
107	72	1
107	61	1
107	40	1
107	42	1
107	63	1
107	109	1
74	108	1
74	73	1
74	20	1
74	70	1
74	68	1
74	72	1
74	61	1
74	40	1
74	42	1
74	63	1
74	109	1
108	73	1
108	20	1
108	70	1
108	68	1
108	72	1
108	61	1
108	40	1
108	42	1
108	63	1
108	109	1
73	20	1
73	70	1
73	68	1
73	72	1
73	61	1
73	40	1
73	42	1
73	63	1
73	109	1
20	70	1
20	68	1
20	72	1
20	61	1
20	40	1
20	42	1
20	63	1
20	109	1
70	68	1
70	72	1
70	61	1
70	40	1
70	42	1
70	63	1
70	109	1
68	72	1
68	61	1
68	40	1
68	42	1
68	63	1
68	109	1
72	61	1
72	40	1
72	42	1
72	63	1
72	109	1
61	40	1
61	42	1
61	63	1
61	109	1
40	42	1
40	63	1
40	109	1
42	63	1
42	109	1
63	109	1
