88	9	1
88	23	1
88	56	1
88	38	1
88	36	1
88	35	1
88	90	1
88	53	1
88	93	1
88	28	1
88	29	1
88	71	1
88	57	1
88	97	1
88	49	1
88	114	1
88	18	1
88	77	1
88	76	1
88	65	1
88	79	1
88	80	1
88	75	1
88	118	1
88	119	1
88	47	1
88	43	1
88	48	1
88	108	1
88	73	1
88	113	1
88	19	1
88	20	1
88	17	1
88	67	1
88	61	1
88	63	1
88	39	1
88	4	1
88	85	1
88	112	1
88	109	1
88	110	1
9	23	1
9	56	1
9	38	1
9	36	1
9	35	1
9	90	1
9	53	1
9	93	1
9	28	1
9	29	1
9	71	1
9	57	1
9	97	1
9	49	1
9	114	1
9	18	1
9	77	1
9	76	1
9	65	1
9	79	1
9	80	1
9	75	1
9	118	1
9	119	1
9	47	1
9	43	1
9	48	1
9	108	1
9	73	1
9	113	1
9	19	1
9	20	1
9	17	1
9	67	1
9	61	1
9	63	1
9	39	1
9	4	1
9	85	1
9	112	1
9	109	1
9	110	1
23	56	1
23	38	1
23	36	1
23	35	1
23	90	1
23	53	1
23	93	1
23	28	1
23	29	1
23	71	1
23	57	1
23	97	1
23	49	1
23	114	1
23	18	1
23	77	1
23	76	1
23	65	1
23	79	1
23	80	1
23	75	1
23	118	1
23	119	1
23	47	1
23	43	1
23	48	1
23	108	1
23	73	1
23	113	1
23	19	1
23	20	1
23	17	1
23	67	1
23	61	1
23	63	1
23	39	1
23	4	1
23	85	1
23	112	1
23	109	1
23	110	1
56	38	1
56	36	1
56	35	1
56	90	1
56	53	1
56	93	1
56	28	1
56	29	1
56	71	1
56	57	1
56	97	1
56	49	1
56	114	1
56	18	1
56	77	1
56	76	1
56	65	1
56	79	1
56	80	1
56	75	1
56	118	1
56	119	1
56	47	1
56	43	1
56	48	1
56	108	1
56	73	1
56	113	1
56	19	1
56	20	1
56	17	1
56	67	1
56	61	1
56	63	1
56	39	1
56	4	1
56	85	1
56	112	1
56	109	1
56	110	1
38	36	1
38	35	1
38	90	1
38	53	1
38	93	1
38	28	1
38	29	1
38	71	1
38	57	1
38	97	1
38	49	1
38	114	1
38	18	1
38	77	1
38	76	1
38	65	1
38	79	1
38	80	1
38	75	1
38	118	1
38	119	1
38	47	1
38	43	1
38	48	1
38	108	1
38	73	1
38	113	1
38	19	1
38	20	1
38	17	1
38	67	1
38	61	1
38	63	1
38	39	1
38	4	1
38	85	1
38	112	1
38	109	1
38	110	1
36	35	1
36	90	1
36	53	1
36	93	1
36	28	1
36	29	1
36	71	1
36	57	1
36	97	1
36	49	1
36	114	1
36	18	1
36	77	1
36	76	1
36	65	1
36	79	1
36	80	1
36	75	1
36	118	1
36	119	1
36	47	1
36	43	1
36	48	1
36	108	1
36	73	1
36	113	1
36	19	1
36	20	1
36	17	1
36	67	1
36	61	1
36	63	1
36	39	1
36	4	1
36	85	1
36	112	1
36	109	1
36	110	1
35	90	1
35	53	1
35	93	1
35	28	1
35	29	1
35	71	1
35	57	1
35	97	1
35	49	1
35	114	1
35	18	1
35	77	1
35	76	1
35	65	1
35	79	1
35	80	1
35	75	1
35	118	1
35	119	1
35	47	1
35	43	1
35	48	1
35	108	1
35	73	1
35	113	1
35	19	1
35	20	1
35	17	1
35	67	1
35	61	1
35	63	1
35	39	1
35	4	1
35	85	1
35	112	1
35	109	1
35	110	1
90	53	1
90	93	1
90	28	1
90	29	1
90	71	1
90	57	1
90	97	1
90	49	1
90	114	1
90	18	1
90	77	1
90	76	1
90	65	1
90	79	1
90	80	1
90	75	1
90	118	1
90	119	1
90	47	1
90	43	1
90	48	1
90	108	1
90	73	1
90	113	1
90	19	1
90	20	1
90	17	1
90	67	1
90	61	1
90	63	1
90	39	1
90	4	1
90	85	1
90	112	1
90	109	1
90	110	1
53	93	1
53	28	1
53	29	1
53	71	1
53	57	1
53	97	1
53	49	1
53	114	1
53	18	1
53	77	1
53	76	1
53	65	1
53	79	1
53	80	1
53	75	1
53	118	1
53	119	1
53	47	1
53	43	1
53	48	1
53	108	1
53	73	1
53	113	1
53	19	1
53	20	1
53	17	1
53	67	1
53	61	1
53	63	1
53	39	1
53	4	1
53	85	1
53	112	1
53	109	1
53	110	1
93	28	1
93	29	1
93	71	1
93	57	1
93	97	1
93	49	1
93	114	1
93	18	1
93	77	1
93	76	1
93	65	1
93	79	1
93	80	1
93	75	1
93	118	1
93	119	1
93	47	1
93	43	1
93	48	1
93	108	1
93	73	1
93	113	1
93	19	1
93	20	1
93	17	1
93	67	1
93	61	1
93	63	1
93	39	1
93	4	1
93	85	1
93	112	1
93	109	1
93	110	1
28	29	1
28	71	1
28	57	1
28	97	1
28	49	1
28	114	1
28	18	1
28	77	1
28	76	1
28	65	1
28	79	1
28	80	1
28	75	1
28	118	1
28	119	1
28	47	1
28	43	1
28	48	1
28	108	1
28	73	1
28	113	1
28	19	1
28	20	1
28	17	1
28	67	1
28	61	1
28	63	1
28	39	1
28	4	1
28	85	1
28	112	1
28	109	1
28	110	1
29	71	1
29	57	1
29	97	1
29	49	1
29	114	1
29	18	1
29	77	1
29	76	1
29	65	1
29	79	1
29	80	1
29	75	1
29	118	1
29	119	1
29	47	1
29	43	1
29	48	1
29	108	1
29	73	1
29	113	1
29	19	1
29	20	1
29	17	1
29	67	1
29	61	1
29	63	1
29	39	1
29	4	1
29	85	1
29	112	1
29	109	1
29	110	1
71	57	1
71	97	1
71	49	1
71	114	1
71	18	1
71	77	1
71	76	1
71	65	1
71	79	1
71	80	1
71	75	1
71	118	1
71	119	1
71	47	1
71	43	1
71	48	1
71	108	1
71	73	1
71	113	1
71	19	1
71	20	1
71	17	1
71	67	1
71	61	1
71	63	1
71	39	1
71	4	1
71	85	1
71	112	1
71	109	1
71	110	1
57	97	1
57	49	1
57	114	1
57	18	1
57	77	1
57	76	1
57	65	1
57	79	1
57	80	1
57	75	1
57	118	1
57	119	1
57	47	1
57	43	1
57	48	1
57	108	1
57	73	1
57	113	1
57	19	1
57	20	1
57	17	1
57	67	1
57	61	1
57	63	1
57	39	1
57	4	1
57	85	1
57	112	1
57	109	1
57	110	1
97	49	1
97	114	1
97	18	1
97	77	1
97	76	1
97	65	1
97	79	1
97	80	1
97	75	1
97	118	1
97	119	1
97	47	1
97	43	1
97	48	1
97	108	1
97	73	1
97	113	1
97	19	1
97	20	1
97	17	1
97	67	1
97	61	1
97	63	1
97	39	1
97	4	1
97	85	1
97	112	1
97	109	1
97	110	1
49	114	1
49	18	1
49	77	1
49	76	1
49	65	1
49	79	1
49	80	1
49	75	1
49	118	1
49	119	1
49	47	1
49	43	1
49	48	1
49	108	1
49	73	1
49	113	1
49	19	1
49	20	1
49	17	1
49	67	1
49	61	1
49	63	1
49	39	1
49	4	1
49	85	1
49	112	1
49	109	1
49	110	1
114	18	1
114	77	1
114	76	1
114	65	1
114	79	1
114	80	1
114	75	1
114	118	1
114	119	1
114	47	1
114	43	1
114	48	1
114	108	1
114	73	1
114	113	1
114	19	1
114	20	1
114	17	1
114	67	1
114	61	1
114	63	1
114	39	1
114	4	1
114	85	1
114	112	1
114	109	1
114	110	1
18	77	1
18	76	1
18	65	1
18	79	1
18	80	1
18	75	1
18	118	1
18	119	1
18	47	1
18	43	1
18	48	1
18	108	1
18	73	1
18	113	1
18	19	1
18	20	1
18	17	1
18	67	1
18	61	1
18	63	1
18	39	1
18	4	1
18	85	1
18	112	1
18	109	1
18	110	1
77	76	1
77	65	1
77	79	1
77	80	1
77	75	1
77	118	1
77	119	1
77	47	1
77	43	1
77	48	1
77	108	1
77	73	1
77	113	1
77	19	1
77	20	1
77	17	1
77	67	1
77	61	1
77	63	1
77	39	1
77	4	1
77	85	1
77	112	1
77	109	1
77	110	1
76	65	1
76	79	1
76	80	1
76	75	1
76	118	1
76	119	1
76	47	1
76	43	1
76	48	1
76	108	1
76	73	1
76	113	1
76	19	1
76	20	1
76	17	1
76	67	1
76	61	1
76	63	1
76	39	1
76	4	1
76	85	1
76	112	1
76	109	1
76	110	1
65	79	1
65	80	1
65	75	1
65	118	1
65	119	1
65	47	1
65	43	1
65	48	1
65	108	1
65	73	1
65	113	1
65	19	1
65	20	1
65	17	1
65	67	1
65	61	1
65	63	1
65	39	1
65	4	1
65	85	1
65	112	1
65	109	1
65	110	1
79	80	1
79	75	1
79	118	1
79	119	1
79	47	1
79	43	1
79	48	1
79	108	1
79	73	1
79	113	1
79	19	1
79	20	1
79	17	1
79	67	1
79	61	1
79	63	1
79	39	1
79	4	1
79	85	1
79	112	1
79	109	1
79	110	1
80	75	1
80	118	1
80	119	1
80	47	1
80	43	1
80	48	1
80	108	1
80	73	1
80	113	1
80	19	1
80	20	1
80	17	1
80	67	1
80	61	1
80	63	1
80	39	1
80	4	1
80	85	1
80	112	1
80	109	1
80	110	1
75	118	1
75	119	1
75	47	1
75	43	1
75	48	1
75	108	1
75	73	1
75	113	1
75	19	1
75	20	1
75	17	1
75	67	1
75	61	1
75	63	1
75	39	1
75	4	1
75	85	1
75	112	1
75	109	1
75	110	1
118	119	1
118	47	1
118	43	1
118	48	1
118	108	1
118	73	1
118	113	1
118	19	1
118	20	1
118	17	1
118	67	1
118	61	1
118	63	1
118	39	1
118	4	1
118	85	1
118	112	1
118	109	1
118	110	1
119	47	1
119	43	1
119	48	1
119	108	1
119	73	1
119	113	1
119	19	1
119	20	1
119	17	1
119	67	1
119	61	1
119	63	1
119	39	1
119	4	1
119	85	1
119	112	1
119	109	1
119	110	1
47	43	1
47	48	1
47	108	1
47	73	1
47	113	1
47	19	1
47	20	1
47	17	1
47	67	1
47	61	1
47	63	1
47	39	1
47	4	1
47	85	1
47	112	1
47	109	1
47	110	1
43	48	1
43	108	1
43	73	1
43	113	1
43	19	1
43	20	1
43	17	1
43	67	1
43	61	1
43	63	1
43	39	1
43	4	1
43	85	1
43	112	1
43	109	1
43	110	1
48	108	1
48	73	1
48	113	1
48	19	1
48	20	1
48	17	1
48	67	1
48	61	1
48	63	1
48	39	1
48	4	1
48	85	1
48	112	1
48	109	1
48	110	1
108	73	1
108	113	1
108	19	1
108	20	1
108	17	1
108	67	1
108	61	1
108	63	1
108	39	1
108	4	1
108	85	1
108	112	1
108	109	1
108	110	1
73	113	1
73	19	1
73	20	1
73	17	1
73	67	1
73	61	1
73	63	1
73	39	1
73	4	1
73	85	1
73	112	1
73	109	1
73	110	1
113	19	1
113	20	1
113	17	1
113	67	1
113	61	1
113	63	1
113	39	1
113	4	1
113	85	1
113	112	1
113	109	1
113	110	1
19	20	1
19	17	1
19	67	1
19	61	1
19	63	1
19	39	1
19	4	1
19	85	1
19	112	1
19	109	1
19	110	1
20	17	1
20	67	1
20	61	1
20	63	1
20	39	1
20	4	1
20	85	1
20	112	1
20	109	1
20	110	1
17	67	1
17	61	1
17	63	1
17	39	1
17	4	1
17	85	1
17	112	1
17	109	1
17	110	1
67	61	1
67	63	1
67	39	1
67	4	1
67	85	1
67	112	1
67	109	1
67	110	1
61	63	1
61	39	1
61	4	1
61	85	1
61	112	1
61	109	1
61	110	1
63	39	1
63	4	1
63	85	1
63	112	1
63	109	1
63	110	1
39	4	1
39	85	1
39	112	1
39	109	1
39	110	1
4	85	1
4	112	1
4	109	1
4	110	1
85	112	1
85	109	1
85	110	1
112	109	1
112	110	1
109	110	1
