88	86	1
88	9	1
88	25	1
88	13	1
88	23	1
88	34	1
88	38	1
88	37	1
88	95	1
88	26	1
88	50	1
88	57	1
88	98	1
88	97	1
88	78	1
88	51	1
88	79	1
88	80	1
88	75	1
88	48	1
88	100	1
88	107	1
88	108	1
88	73	1
88	33	1
88	21	1
88	1	1
88	72	1
88	40	1
88	42	1
88	41	1
88	120	1
88	4	1
88	112	1
88	109	1
86	9	1
86	25	1
86	13	1
86	23	1
86	34	1
86	38	1
86	37	1
86	95	1
86	26	1
86	50	1
86	57	1
86	98	1
86	97	1
86	78	1
86	51	1
86	79	1
86	80	1
86	75	1
86	48	1
86	100	1
86	107	1
86	108	1
86	73	1
86	33	1
86	21	1
86	1	1
86	72	1
86	40	1
86	42	1
86	41	1
86	120	1
86	4	1
86	112	1
86	109	1
9	25	1
9	13	1
9	23	1
9	34	1
9	38	1
9	37	1
9	95	1
9	26	1
9	50	1
9	57	1
9	98	1
9	97	1
9	78	1
9	51	1
9	79	1
9	80	1
9	75	1
9	48	1
9	100	1
9	107	1
9	108	1
9	73	1
9	33	1
9	21	1
9	1	1
9	72	1
9	40	1
9	42	1
9	41	1
9	120	1
9	4	1
9	112	1
9	109	1
25	13	1
25	23	1
25	34	1
25	38	1
25	37	1
25	95	1
25	26	1
25	50	1
25	57	1
25	98	1
25	97	1
25	78	1
25	51	1
25	79	1
25	80	1
25	75	1
25	48	1
25	100	1
25	107	1
25	108	1
25	73	1
25	33	1
25	21	1
25	1	1
25	72	1
25	40	1
25	42	1
25	41	1
25	120	1
25	4	1
25	112	1
25	109	1
13	23	1
13	34	1
13	38	1
13	37	1
13	95	1
13	26	1
13	50	1
13	57	1
13	98	1
13	97	1
13	78	1
13	51	1
13	79	1
13	80	1
13	75	1
13	48	1
13	100	1
13	107	1
13	108	1
13	73	1
13	33	1
13	21	1
13	1	1
13	72	1
13	40	1
13	42	1
13	41	1
13	120	1
13	4	1
13	112	1
13	109	1
23	34	1
23	38	1
23	37	1
23	95	1
23	26	1
23	50	1
23	57	1
23	98	1
23	97	1
23	78	1
23	51	1
23	79	1
23	80	1
23	75	1
23	48	1
23	100	1
23	107	1
23	108	1
23	73	1
23	33	1
23	21	1
23	1	1
23	72	1
23	40	1
23	42	1
23	41	1
23	120	1
23	4	1
23	112	1
23	109	1
34	38	1
34	37	1
34	95	1
34	26	1
34	50	1
34	57	1
34	98	1
34	97	1
34	78	1
34	51	1
34	79	1
34	80	1
34	75	1
34	48	1
34	100	1
34	107	1
34	108	1
34	73	1
34	33	1
34	21	1
34	1	1
34	72	1
34	40	1
34	42	1
34	41	1
34	120	1
34	4	1
34	112	1
34	109	1
38	37	1
38	95	1
38	26	1
38	50	1
38	57	1
38	98	1
38	97	1
38	78	1
38	51	1
38	79	1
38	80	1
38	75	1
38	48	1
38	100	1
38	107	1
38	108	1
38	73	1
38	33	1
38	21	1
38	1	1
38	72	1
38	40	1
38	42	1
38	41	1
38	120	1
38	4	1
38	112	1
38	109	1
37	95	1
37	26	1
37	50	1
37	57	1
37	98	1
37	97	1
37	78	1
37	51	1
37	79	1
37	80	1
37	75	1
37	48	1
37	100	1
37	107	1
37	108	1
37	73	1
37	33	1
37	21	1
37	1	1
37	72	1
37	40	1
37	42	1
37	41	1
37	120	1
37	4	1
37	112	1
37	109	1
95	26	1
95	50	1
95	57	1
95	98	1
95	97	1
95	78	1
95	51	1
95	79	1
95	80	1
95	75	1
95	48	1
95	100	1
95	107	1
95	108	1
95	73	1
95	33	1
95	21	1
95	1	1
95	72	1
95	40	1
95	42	1
95	41	1
95	120	1
95	4	1
95	112	1
95	109	1
26	50	1
26	57	1
26	98	1
26	97	1
26	78	1
26	51	1
26	79	1
26	80	1
26	75	1
26	48	1
26	100	1
26	107	1
26	108	1
26	73	1
26	33	1
26	21	1
26	1	1
26	72	1
26	40	1
26	42	1
26	41	1
26	120	1
26	4	1
26	112	1
26	109	1
50	57	1
50	98	1
50	97	1
50	78	1
50	51	1
50	79	1
50	80	1
50	75	1
50	48	1
50	100	1
50	107	1
50	108	1
50	73	1
50	33	1
50	21	1
50	1	1
50	72	1
50	40	1
50	42	1
50	41	1
50	120	1
50	4	1
50	112	1
50	109	1
57	98	1
57	97	1
57	78	1
57	51	1
57	79	1
57	80	1
57	75	1
57	48	1
57	100	1
57	107	1
57	108	1
57	73	1
57	33	1
57	21	1
57	1	1
57	72	1
57	40	1
57	42	1
57	41	1
57	120	1
57	4	1
57	112	1
57	109	1
98	97	1
98	78	1
98	51	1
98	79	1
98	80	1
98	75	1
98	48	1
98	100	1
98	107	1
98	108	1
98	73	1
98	33	1
98	21	1
98	1	1
98	72	1
98	40	1
98	42	1
98	41	1
98	120	1
98	4	1
98	112	1
98	109	1
97	78	1
97	51	1
97	79	1
97	80	1
97	75	1
97	48	1
97	100	1
97	107	1
97	108	1
97	73	1
97	33	1
97	21	1
97	1	1
97	72	1
97	40	1
97	42	1
97	41	1
97	120	1
97	4	1
97	112	1
97	109	1
78	51	1
78	79	1
78	80	1
78	75	1
78	48	1
78	100	1
78	107	1
78	108	1
78	73	1
78	33	1
78	21	1
78	1	1
78	72	1
78	40	1
78	42	1
78	41	1
78	120	1
78	4	1
78	112	1
78	109	1
51	79	1
51	80	1
51	75	1
51	48	1
51	100	1
51	107	1
51	108	1
51	73	1
51	33	1
51	21	1
51	1	1
51	72	1
51	40	1
51	42	1
51	41	1
51	120	1
51	4	1
51	112	1
51	109	1
79	80	1
79	75	1
79	48	1
79	100	1
79	107	1
79	108	1
79	73	1
79	33	1
79	21	1
79	1	1
79	72	1
79	40	1
79	42	1
79	41	1
79	120	1
79	4	1
79	112	1
79	109	1
80	75	1
80	48	1
80	100	1
80	107	1
80	108	1
80	73	1
80	33	1
80	21	1
80	1	1
80	72	1
80	40	1
80	42	1
80	41	1
80	120	1
80	4	1
80	112	1
80	109	1
75	48	1
75	100	1
75	107	1
75	108	1
75	73	1
75	33	1
75	21	1
75	1	1
75	72	1
75	40	1
75	42	1
75	41	1
75	120	1
75	4	1
75	112	1
75	109	1
48	100	1
48	107	1
48	108	1
48	73	1
48	33	1
48	21	1
48	1	1
48	72	1
48	40	1
48	42	1
48	41	1
48	120	1
48	4	1
48	112	1
48	109	1
100	107	1
100	108	1
100	73	1
100	33	1
100	21	1
100	1	1
100	72	1
100	40	1
100	42	1
100	41	1
100	120	1
100	4	1
100	112	1
100	109	1
107	108	1
107	73	1
107	33	1
107	21	1
107	1	1
107	72	1
107	40	1
107	42	1
107	41	1
107	120	1
107	4	1
107	112	1
107	109	1
108	73	1
108	33	1
108	21	1
108	1	1
108	72	1
108	40	1
108	42	1
108	41	1
108	120	1
108	4	1
108	112	1
108	109	1
73	33	1
73	21	1
73	1	1
73	72	1
73	40	1
73	42	1
73	41	1
73	120	1
73	4	1
73	112	1
73	109	1
33	21	1
33	1	1
33	72	1
33	40	1
33	42	1
33	41	1
33	120	1
33	4	1
33	112	1
33	109	1
21	1	1
21	72	1
21	40	1
21	42	1
21	41	1
21	120	1
21	4	1
21	112	1
21	109	1
1	72	1
1	40	1
1	42	1
1	41	1
1	120	1
1	4	1
1	112	1
1	109	1
72	40	1
72	42	1
72	41	1
72	120	1
72	4	1
72	112	1
72	109	1
40	42	1
40	41	1
40	120	1
40	4	1
40	112	1
40	109	1
42	41	1
42	120	1
42	4	1
42	112	1
42	109	1
41	120	1
41	4	1
41	112	1
41	109	1
120	4	1
120	112	1
120	109	1
4	112	1
4	109	1
112	109	1
