89	88	1
89	86	1
89	23	1
89	66	1
89	34	1
89	56	1
89	96	1
89	32	1
89	35	1
89	90	1
89	53	1
89	28	1
89	27	1
89	29	1
89	50	1
89	57	1
89	97	1
89	77	1
89	76	1
89	82	1
89	47	1
89	46	1
89	43	1
89	100	1
89	106	1
89	108	1
89	54	1
89	103	1
89	113	1
89	20	1
89	17	1
89	1	1
89	42	1
89	41	1
89	120	1
89	6	1
89	4	1
89	110	1
88	86	1
88	23	1
88	66	1
88	34	1
88	56	1
88	96	1
88	32	1
88	35	1
88	90	1
88	53	1
88	28	1
88	27	1
88	29	1
88	50	1
88	57	1
88	97	1
88	77	1
88	76	1
88	82	1
88	47	1
88	46	1
88	43	1
88	100	1
88	106	1
88	108	1
88	54	1
88	103	1
88	113	1
88	20	1
88	17	1
88	1	1
88	42	1
88	41	1
88	120	1
88	6	1
88	4	1
88	110	1
86	23	1
86	66	1
86	34	1
86	56	1
86	96	1
86	32	1
86	35	1
86	90	1
86	53	1
86	28	1
86	27	1
86	29	1
86	50	1
86	57	1
86	97	1
86	77	1
86	76	1
86	82	1
86	47	1
86	46	1
86	43	1
86	100	1
86	106	1
86	108	1
86	54	1
86	103	1
86	113	1
86	20	1
86	17	1
86	1	1
86	42	1
86	41	1
86	120	1
86	6	1
86	4	1
86	110	1
23	66	1
23	34	1
23	56	1
23	96	1
23	32	1
23	35	1
23	90	1
23	53	1
23	28	1
23	27	1
23	29	1
23	50	1
23	57	1
23	97	1
23	77	1
23	76	1
23	82	1
23	47	1
23	46	1
23	43	1
23	100	1
23	106	1
23	108	1
23	54	1
23	103	1
23	113	1
23	20	1
23	17	1
23	1	1
23	42	1
23	41	1
23	120	1
23	6	1
23	4	1
23	110	1
66	34	1
66	56	1
66	96	1
66	32	1
66	35	1
66	90	1
66	53	1
66	28	1
66	27	1
66	29	1
66	50	1
66	57	1
66	97	1
66	77	1
66	76	1
66	82	1
66	47	1
66	46	1
66	43	1
66	100	1
66	106	1
66	108	1
66	54	1
66	103	1
66	113	1
66	20	1
66	17	1
66	1	1
66	42	1
66	41	1
66	120	1
66	6	1
66	4	1
66	110	1
34	56	1
34	96	1
34	32	1
34	35	1
34	90	1
34	53	1
34	28	1
34	27	1
34	29	1
34	50	1
34	57	1
34	97	1
34	77	1
34	76	1
34	82	1
34	47	1
34	46	1
34	43	1
34	100	1
34	106	1
34	108	1
34	54	1
34	103	1
34	113	1
34	20	1
34	17	1
34	1	1
34	42	1
34	41	1
34	120	1
34	6	1
34	4	1
34	110	1
56	96	1
56	32	1
56	35	1
56	90	1
56	53	1
56	28	1
56	27	1
56	29	1
56	50	1
56	57	1
56	97	1
56	77	1
56	76	1
56	82	1
56	47	1
56	46	1
56	43	1
56	100	1
56	106	1
56	108	1
56	54	1
56	103	1
56	113	1
56	20	1
56	17	1
56	1	1
56	42	1
56	41	1
56	120	1
56	6	1
56	4	1
56	110	1
96	32	1
96	35	1
96	90	1
96	53	1
96	28	1
96	27	1
96	29	1
96	50	1
96	57	1
96	97	1
96	77	1
96	76	1
96	82	1
96	47	1
96	46	1
96	43	1
96	100	1
96	106	1
96	108	1
96	54	1
96	103	1
96	113	1
96	20	1
96	17	1
96	1	1
96	42	1
96	41	1
96	120	1
96	6	1
96	4	1
96	110	1
32	35	1
32	90	1
32	53	1
32	28	1
32	27	1
32	29	1
32	50	1
32	57	1
32	97	1
32	77	1
32	76	1
32	82	1
32	47	1
32	46	1
32	43	1
32	100	1
32	106	1
32	108	1
32	54	1
32	103	1
32	113	1
32	20	1
32	17	1
32	1	1
32	42	1
32	41	1
32	120	1
32	6	1
32	4	1
32	110	1
35	90	1
35	53	1
35	28	1
35	27	1
35	29	1
35	50	1
35	57	1
35	97	1
35	77	1
35	76	1
35	82	1
35	47	1
35	46	1
35	43	1
35	100	1
35	106	1
35	108	1
35	54	1
35	103	1
35	113	1
35	20	1
35	17	1
35	1	1
35	42	1
35	41	1
35	120	1
35	6	1
35	4	1
35	110	1
90	53	1
90	28	1
90	27	1
90	29	1
90	50	1
90	57	1
90	97	1
90	77	1
90	76	1
90	82	1
90	47	1
90	46	1
90	43	1
90	100	1
90	106	1
90	108	1
90	54	1
90	103	1
90	113	1
90	20	1
90	17	1
90	1	1
90	42	1
90	41	1
90	120	1
90	6	1
90	4	1
90	110	1
53	28	1
53	27	1
53	29	1
53	50	1
53	57	1
53	97	1
53	77	1
53	76	1
53	82	1
53	47	1
53	46	1
53	43	1
53	100	1
53	106	1
53	108	1
53	54	1
53	103	1
53	113	1
53	20	1
53	17	1
53	1	1
53	42	1
53	41	1
53	120	1
53	6	1
53	4	1
53	110	1
28	27	1
28	29	1
28	50	1
28	57	1
28	97	1
28	77	1
28	76	1
28	82	1
28	47	1
28	46	1
28	43	1
28	100	1
28	106	1
28	108	1
28	54	1
28	103	1
28	113	1
28	20	1
28	17	1
28	1	1
28	42	1
28	41	1
28	120	1
28	6	1
28	4	1
28	110	1
27	29	1
27	50	1
27	57	1
27	97	1
27	77	1
27	76	1
27	82	1
27	47	1
27	46	1
27	43	1
27	100	1
27	106	1
27	108	1
27	54	1
27	103	1
27	113	1
27	20	1
27	17	1
27	1	1
27	42	1
27	41	1
27	120	1
27	6	1
27	4	1
27	110	1
29	50	1
29	57	1
29	97	1
29	77	1
29	76	1
29	82	1
29	47	1
29	46	1
29	43	1
29	100	1
29	106	1
29	108	1
29	54	1
29	103	1
29	113	1
29	20	1
29	17	1
29	1	1
29	42	1
29	41	1
29	120	1
29	6	1
29	4	1
29	110	1
50	57	1
50	97	1
50	77	1
50	76	1
50	82	1
50	47	1
50	46	1
50	43	1
50	100	1
50	106	1
50	108	1
50	54	1
50	103	1
50	113	1
50	20	1
50	17	1
50	1	1
50	42	1
50	41	1
50	120	1
50	6	1
50	4	1
50	110	1
57	97	1
57	77	1
57	76	1
57	82	1
57	47	1
57	46	1
57	43	1
57	100	1
57	106	1
57	108	1
57	54	1
57	103	1
57	113	1
57	20	1
57	17	1
57	1	1
57	42	1
57	41	1
57	120	1
57	6	1
57	4	1
57	110	1
97	77	1
97	76	1
97	82	1
97	47	1
97	46	1
97	43	1
97	100	1
97	106	1
97	108	1
97	54	1
97	103	1
97	113	1
97	20	1
97	17	1
97	1	1
97	42	1
97	41	1
97	120	1
97	6	1
97	4	1
97	110	1
77	76	1
77	82	1
77	47	1
77	46	1
77	43	1
77	100	1
77	106	1
77	108	1
77	54	1
77	103	1
77	113	1
77	20	1
77	17	1
77	1	1
77	42	1
77	41	1
77	120	1
77	6	1
77	4	1
77	110	1
76	82	1
76	47	1
76	46	1
76	43	1
76	100	1
76	106	1
76	108	1
76	54	1
76	103	1
76	113	1
76	20	1
76	17	1
76	1	1
76	42	1
76	41	1
76	120	1
76	6	1
76	4	1
76	110	1
82	47	1
82	46	1
82	43	1
82	100	1
82	106	1
82	108	1
82	54	1
82	103	1
82	113	1
82	20	1
82	17	1
82	1	1
82	42	1
82	41	1
82	120	1
82	6	1
82	4	1
82	110	1
47	46	1
47	43	1
47	100	1
47	106	1
47	108	1
47	54	1
47	103	1
47	113	1
47	20	1
47	17	1
47	1	1
47	42	1
47	41	1
47	120	1
47	6	1
47	4	1
47	110	1
46	43	1
46	100	1
46	106	1
46	108	1
46	54	1
46	103	1
46	113	1
46	20	1
46	17	1
46	1	1
46	42	1
46	41	1
46	120	1
46	6	1
46	4	1
46	110	1
43	100	1
43	106	1
43	108	1
43	54	1
43	103	1
43	113	1
43	20	1
43	17	1
43	1	1
43	42	1
43	41	1
43	120	1
43	6	1
43	4	1
43	110	1
100	106	1
100	108	1
100	54	1
100	103	1
100	113	1
100	20	1
100	17	1
100	1	1
100	42	1
100	41	1
100	120	1
100	6	1
100	4	1
100	110	1
106	108	1
106	54	1
106	103	1
106	113	1
106	20	1
106	17	1
106	1	1
106	42	1
106	41	1
106	120	1
106	6	1
106	4	1
106	110	1
108	54	1
108	103	1
108	113	1
108	20	1
108	17	1
108	1	1
108	42	1
108	41	1
108	120	1
108	6	1
108	4	1
108	110	1
54	103	1
54	113	1
54	20	1
54	17	1
54	1	1
54	42	1
54	41	1
54	120	1
54	6	1
54	4	1
54	110	1
103	113	1
103	20	1
103	17	1
103	1	1
103	42	1
103	41	1
103	120	1
103	6	1
103	4	1
103	110	1
113	20	1
113	17	1
113	1	1
113	42	1
113	41	1
113	120	1
113	6	1
113	4	1
113	110	1
20	17	1
20	1	1
20	42	1
20	41	1
20	120	1
20	6	1
20	4	1
20	110	1
17	1	1
17	42	1
17	41	1
17	120	1
17	6	1
17	4	1
17	110	1
1	42	1
1	41	1
1	120	1
1	6	1
1	4	1
1	110	1
42	41	1
42	120	1
42	6	1
42	4	1
42	110	1
41	120	1
41	6	1
41	4	1
41	110	1
120	6	1
120	4	1
120	110	1
6	4	1
6	110	1
4	110	1
