89	87	1
89	12	1
89	23	1
89	66	1
89	59	1
89	34	1
89	56	1
89	38	1
89	37	1
89	53	1
89	29	1
89	71	1
89	49	1
89	114	1
89	78	1
89	76	1
89	65	1
89	79	1
89	75	1
89	118	1
89	119	1
89	48	1
89	100	1
89	74	1
89	108	1
89	54	1
89	103	1
89	113	1
89	17	1
89	70	1
89	1	1
89	68	1
89	67	1
89	40	1
89	41	1
89	63	1
89	39	1
89	120	1
89	6	1
89	4	1
89	84	1
89	109	1
87	12	1
87	23	1
87	66	1
87	59	1
87	34	1
87	56	1
87	38	1
87	37	1
87	53	1
87	29	1
87	71	1
87	49	1
87	114	1
87	78	1
87	76	1
87	65	1
87	79	1
87	75	1
87	118	1
87	119	1
87	48	1
87	100	1
87	74	1
87	108	1
87	54	1
87	103	1
87	113	1
87	17	1
87	70	1
87	1	1
87	68	1
87	67	1
87	40	1
87	41	1
87	63	1
87	39	1
87	120	1
87	6	1
87	4	1
87	84	1
87	109	1
12	23	1
12	66	1
12	59	1
12	34	1
12	56	1
12	38	1
12	37	1
12	53	1
12	29	1
12	71	1
12	49	1
12	114	1
12	78	1
12	76	1
12	65	1
12	79	1
12	75	1
12	118	1
12	119	1
12	48	1
12	100	1
12	74	1
12	108	1
12	54	1
12	103	1
12	113	1
12	17	1
12	70	1
12	1	1
12	68	1
12	67	1
12	40	1
12	41	1
12	63	1
12	39	1
12	120	1
12	6	1
12	4	1
12	84	1
12	109	1
23	66	1
23	59	1
23	34	1
23	56	1
23	38	1
23	37	1
23	53	1
23	29	1
23	71	1
23	49	1
23	114	1
23	78	1
23	76	1
23	65	1
23	79	1
23	75	1
23	118	1
23	119	1
23	48	1
23	100	1
23	74	1
23	108	1
23	54	1
23	103	1
23	113	1
23	17	1
23	70	1
23	1	1
23	68	1
23	67	1
23	40	1
23	41	1
23	63	1
23	39	1
23	120	1
23	6	1
23	4	1
23	84	1
23	109	1
66	59	1
66	34	1
66	56	1
66	38	1
66	37	1
66	53	1
66	29	1
66	71	1
66	49	1
66	114	1
66	78	1
66	76	1
66	65	1
66	79	1
66	75	1
66	118	1
66	119	1
66	48	1
66	100	1
66	74	1
66	108	1
66	54	1
66	103	1
66	113	1
66	17	1
66	70	1
66	1	1
66	68	1
66	67	1
66	40	1
66	41	1
66	63	1
66	39	1
66	120	1
66	6	1
66	4	1
66	84	1
66	109	1
59	34	1
59	56	1
59	38	1
59	37	1
59	53	1
59	29	1
59	71	1
59	49	1
59	114	1
59	78	1
59	76	1
59	65	1
59	79	1
59	75	1
59	118	1
59	119	1
59	48	1
59	100	1
59	74	1
59	108	1
59	54	1
59	103	1
59	113	1
59	17	1
59	70	1
59	1	1
59	68	1
59	67	1
59	40	1
59	41	1
59	63	1
59	39	1
59	120	1
59	6	1
59	4	1
59	84	1
59	109	1
34	56	1
34	38	1
34	37	1
34	53	1
34	29	1
34	71	1
34	49	1
34	114	1
34	78	1
34	76	1
34	65	1
34	79	1
34	75	1
34	118	1
34	119	1
34	48	1
34	100	1
34	74	1
34	108	1
34	54	1
34	103	1
34	113	1
34	17	1
34	70	1
34	1	1
34	68	1
34	67	1
34	40	1
34	41	1
34	63	1
34	39	1
34	120	1
34	6	1
34	4	1
34	84	1
34	109	1
56	38	1
56	37	1
56	53	1
56	29	1
56	71	1
56	49	1
56	114	1
56	78	1
56	76	1
56	65	1
56	79	1
56	75	1
56	118	1
56	119	1
56	48	1
56	100	1
56	74	1
56	108	1
56	54	1
56	103	1
56	113	1
56	17	1
56	70	1
56	1	1
56	68	1
56	67	1
56	40	1
56	41	1
56	63	1
56	39	1
56	120	1
56	6	1
56	4	1
56	84	1
56	109	1
38	37	1
38	53	1
38	29	1
38	71	1
38	49	1
38	114	1
38	78	1
38	76	1
38	65	1
38	79	1
38	75	1
38	118	1
38	119	1
38	48	1
38	100	1
38	74	1
38	108	1
38	54	1
38	103	1
38	113	1
38	17	1
38	70	1
38	1	1
38	68	1
38	67	1
38	40	1
38	41	1
38	63	1
38	39	1
38	120	1
38	6	1
38	4	1
38	84	1
38	109	1
37	53	1
37	29	1
37	71	1
37	49	1
37	114	1
37	78	1
37	76	1
37	65	1
37	79	1
37	75	1
37	118	1
37	119	1
37	48	1
37	100	1
37	74	1
37	108	1
37	54	1
37	103	1
37	113	1
37	17	1
37	70	1
37	1	1
37	68	1
37	67	1
37	40	1
37	41	1
37	63	1
37	39	1
37	120	1
37	6	1
37	4	1
37	84	1
37	109	1
53	29	1
53	71	1
53	49	1
53	114	1
53	78	1
53	76	1
53	65	1
53	79	1
53	75	1
53	118	1
53	119	1
53	48	1
53	100	1
53	74	1
53	108	1
53	54	1
53	103	1
53	113	1
53	17	1
53	70	1
53	1	1
53	68	1
53	67	1
53	40	1
53	41	1
53	63	1
53	39	1
53	120	1
53	6	1
53	4	1
53	84	1
53	109	1
29	71	1
29	49	1
29	114	1
29	78	1
29	76	1
29	65	1
29	79	1
29	75	1
29	118	1
29	119	1
29	48	1
29	100	1
29	74	1
29	108	1
29	54	1
29	103	1
29	113	1
29	17	1
29	70	1
29	1	1
29	68	1
29	67	1
29	40	1
29	41	1
29	63	1
29	39	1
29	120	1
29	6	1
29	4	1
29	84	1
29	109	1
71	49	1
71	114	1
71	78	1
71	76	1
71	65	1
71	79	1
71	75	1
71	118	1
71	119	1
71	48	1
71	100	1
71	74	1
71	108	1
71	54	1
71	103	1
71	113	1
71	17	1
71	70	1
71	1	1
71	68	1
71	67	1
71	40	1
71	41	1
71	63	1
71	39	1
71	120	1
71	6	1
71	4	1
71	84	1
71	109	1
49	114	1
49	78	1
49	76	1
49	65	1
49	79	1
49	75	1
49	118	1
49	119	1
49	48	1
49	100	1
49	74	1
49	108	1
49	54	1
49	103	1
49	113	1
49	17	1
49	70	1
49	1	1
49	68	1
49	67	1
49	40	1
49	41	1
49	63	1
49	39	1
49	120	1
49	6	1
49	4	1
49	84	1
49	109	1
114	78	1
114	76	1
114	65	1
114	79	1
114	75	1
114	118	1
114	119	1
114	48	1
114	100	1
114	74	1
114	108	1
114	54	1
114	103	1
114	113	1
114	17	1
114	70	1
114	1	1
114	68	1
114	67	1
114	40	1
114	41	1
114	63	1
114	39	1
114	120	1
114	6	1
114	4	1
114	84	1
114	109	1
78	76	1
78	65	1
78	79	1
78	75	1
78	118	1
78	119	1
78	48	1
78	100	1
78	74	1
78	108	1
78	54	1
78	103	1
78	113	1
78	17	1
78	70	1
78	1	1
78	68	1
78	67	1
78	40	1
78	41	1
78	63	1
78	39	1
78	120	1
78	6	1
78	4	1
78	84	1
78	109	1
76	65	1
76	79	1
76	75	1
76	118	1
76	119	1
76	48	1
76	100	1
76	74	1
76	108	1
76	54	1
76	103	1
76	113	1
76	17	1
76	70	1
76	1	1
76	68	1
76	67	1
76	40	1
76	41	1
76	63	1
76	39	1
76	120	1
76	6	1
76	4	1
76	84	1
76	109	1
65	79	1
65	75	1
65	118	1
65	119	1
65	48	1
65	100	1
65	74	1
65	108	1
65	54	1
65	103	1
65	113	1
65	17	1
65	70	1
65	1	1
65	68	1
65	67	1
65	40	1
65	41	1
65	63	1
65	39	1
65	120	1
65	6	1
65	4	1
65	84	1
65	109	1
79	75	1
79	118	1
79	119	1
79	48	1
79	100	1
79	74	1
79	108	1
79	54	1
79	103	1
79	113	1
79	17	1
79	70	1
79	1	1
79	68	1
79	67	1
79	40	1
79	41	1
79	63	1
79	39	1
79	120	1
79	6	1
79	4	1
79	84	1
79	109	1
75	118	1
75	119	1
75	48	1
75	100	1
75	74	1
75	108	1
75	54	1
75	103	1
75	113	1
75	17	1
75	70	1
75	1	1
75	68	1
75	67	1
75	40	1
75	41	1
75	63	1
75	39	1
75	120	1
75	6	1
75	4	1
75	84	1
75	109	1
118	119	1
118	48	1
118	100	1
118	74	1
118	108	1
118	54	1
118	103	1
118	113	1
118	17	1
118	70	1
118	1	1
118	68	1
118	67	1
118	40	1
118	41	1
118	63	1
118	39	1
118	120	1
118	6	1
118	4	1
118	84	1
118	109	1
119	48	1
119	100	1
119	74	1
119	108	1
119	54	1
119	103	1
119	113	1
119	17	1
119	70	1
119	1	1
119	68	1
119	67	1
119	40	1
119	41	1
119	63	1
119	39	1
119	120	1
119	6	1
119	4	1
119	84	1
119	109	1
48	100	1
48	74	1
48	108	1
48	54	1
48	103	1
48	113	1
48	17	1
48	70	1
48	1	1
48	68	1
48	67	1
48	40	1
48	41	1
48	63	1
48	39	1
48	120	1
48	6	1
48	4	1
48	84	1
48	109	1
100	74	1
100	108	1
100	54	1
100	103	1
100	113	1
100	17	1
100	70	1
100	1	1
100	68	1
100	67	1
100	40	1
100	41	1
100	63	1
100	39	1
100	120	1
100	6	1
100	4	1
100	84	1
100	109	1
74	108	1
74	54	1
74	103	1
74	113	1
74	17	1
74	70	1
74	1	1
74	68	1
74	67	1
74	40	1
74	41	1
74	63	1
74	39	1
74	120	1
74	6	1
74	4	1
74	84	1
74	109	1
108	54	1
108	103	1
108	113	1
108	17	1
108	70	1
108	1	1
108	68	1
108	67	1
108	40	1
108	41	1
108	63	1
108	39	1
108	120	1
108	6	1
108	4	1
108	84	1
108	109	1
54	103	1
54	113	1
54	17	1
54	70	1
54	1	1
54	68	1
54	67	1
54	40	1
54	41	1
54	63	1
54	39	1
54	120	1
54	6	1
54	4	1
54	84	1
54	109	1
103	113	1
103	17	1
103	70	1
103	1	1
103	68	1
103	67	1
103	40	1
103	41	1
103	63	1
103	39	1
103	120	1
103	6	1
103	4	1
103	84	1
103	109	1
113	17	1
113	70	1
113	1	1
113	68	1
113	67	1
113	40	1
113	41	1
113	63	1
113	39	1
113	120	1
113	6	1
113	4	1
113	84	1
113	109	1
17	70	1
17	1	1
17	68	1
17	67	1
17	40	1
17	41	1
17	63	1
17	39	1
17	120	1
17	6	1
17	4	1
17	84	1
17	109	1
70	1	1
70	68	1
70	67	1
70	40	1
70	41	1
70	63	1
70	39	1
70	120	1
70	6	1
70	4	1
70	84	1
70	109	1
1	68	1
1	67	1
1	40	1
1	41	1
1	63	1
1	39	1
1	120	1
1	6	1
1	4	1
1	84	1
1	109	1
68	67	1
68	40	1
68	41	1
68	63	1
68	39	1
68	120	1
68	6	1
68	4	1
68	84	1
68	109	1
67	40	1
67	41	1
67	63	1
67	39	1
67	120	1
67	6	1
67	4	1
67	84	1
67	109	1
40	41	1
40	63	1
40	39	1
40	120	1
40	6	1
40	4	1
40	84	1
40	109	1
41	63	1
41	39	1
41	120	1
41	6	1
41	4	1
41	84	1
41	109	1
63	39	1
63	120	1
63	6	1
63	4	1
63	84	1
63	109	1
39	120	1
39	6	1
39	4	1
39	84	1
39	109	1
120	6	1
120	4	1
120	84	1
120	109	1
6	4	1
6	84	1
6	109	1
4	84	1
4	109	1
84	109	1
