89	88	1
89	23	1
89	32	1
89	38	1
89	37	1
89	36	1
89	35	1
89	90	1
89	53	1
89	93	1
89	28	1
89	27	1
89	31	1
89	29	1
89	71	1
89	50	1
89	57	1
89	97	1
89	18	1
89	78	1
89	76	1
89	65	1
89	82	1
89	118	1
89	116	1
89	119	1
89	46	1
89	100	1
89	106	1
89	105	1
89	73	1
89	104	1
89	103	1
89	113	1
89	20	1
89	16	1
89	69	1
89	1	1
89	68	1
89	40	1
89	41	1
89	39	1
89	6	1
89	5	1
89	4	1
89	84	1
89	112	1
88	23	1
88	32	1
88	38	1
88	37	1
88	36	1
88	35	1
88	90	1
88	53	1
88	93	1
88	28	1
88	27	1
88	31	1
88	29	1
88	71	1
88	50	1
88	57	1
88	97	1
88	18	1
88	78	1
88	76	1
88	65	1
88	82	1
88	118	1
88	116	1
88	119	1
88	46	1
88	100	1
88	106	1
88	105	1
88	73	1
88	104	1
88	103	1
88	113	1
88	20	1
88	16	1
88	69	1
88	1	1
88	68	1
88	40	1
88	41	1
88	39	1
88	6	1
88	5	1
88	4	1
88	84	1
88	112	1
23	32	1
23	38	1
23	37	1
23	36	1
23	35	1
23	90	1
23	53	1
23	93	1
23	28	1
23	27	1
23	31	1
23	29	1
23	71	1
23	50	1
23	57	1
23	97	1
23	18	1
23	78	1
23	76	1
23	65	1
23	82	1
23	118	1
23	116	1
23	119	1
23	46	1
23	100	1
23	106	1
23	105	1
23	73	1
23	104	1
23	103	1
23	113	1
23	20	1
23	16	1
23	69	1
23	1	1
23	68	1
23	40	1
23	41	1
23	39	1
23	6	1
23	5	1
23	4	1
23	84	1
23	112	1
32	38	1
32	37	1
32	36	1
32	35	1
32	90	1
32	53	1
32	93	1
32	28	1
32	27	1
32	31	1
32	29	1
32	71	1
32	50	1
32	57	1
32	97	1
32	18	1
32	78	1
32	76	1
32	65	1
32	82	1
32	118	1
32	116	1
32	119	1
32	46	1
32	100	1
32	106	1
32	105	1
32	73	1
32	104	1
32	103	1
32	113	1
32	20	1
32	16	1
32	69	1
32	1	1
32	68	1
32	40	1
32	41	1
32	39	1
32	6	1
32	5	1
32	4	1
32	84	1
32	112	1
38	37	1
38	36	1
38	35	1
38	90	1
38	53	1
38	93	1
38	28	1
38	27	1
38	31	1
38	29	1
38	71	1
38	50	1
38	57	1
38	97	1
38	18	1
38	78	1
38	76	1
38	65	1
38	82	1
38	118	1
38	116	1
38	119	1
38	46	1
38	100	1
38	106	1
38	105	1
38	73	1
38	104	1
38	103	1
38	113	1
38	20	1
38	16	1
38	69	1
38	1	1
38	68	1
38	40	1
38	41	1
38	39	1
38	6	1
38	5	1
38	4	1
38	84	1
38	112	1
37	36	1
37	35	1
37	90	1
37	53	1
37	93	1
37	28	1
37	27	1
37	31	1
37	29	1
37	71	1
37	50	1
37	57	1
37	97	1
37	18	1
37	78	1
37	76	1
37	65	1
37	82	1
37	118	1
37	116	1
37	119	1
37	46	1
37	100	1
37	106	1
37	105	1
37	73	1
37	104	1
37	103	1
37	113	1
37	20	1
37	16	1
37	69	1
37	1	1
37	68	1
37	40	1
37	41	1
37	39	1
37	6	1
37	5	1
37	4	1
37	84	1
37	112	1
36	35	1
36	90	1
36	53	1
36	93	1
36	28	1
36	27	1
36	31	1
36	29	1
36	71	1
36	50	1
36	57	1
36	97	1
36	18	1
36	78	1
36	76	1
36	65	1
36	82	1
36	118	1
36	116	1
36	119	1
36	46	1
36	100	1
36	106	1
36	105	1
36	73	1
36	104	1
36	103	1
36	113	1
36	20	1
36	16	1
36	69	1
36	1	1
36	68	1
36	40	1
36	41	1
36	39	1
36	6	1
36	5	1
36	4	1
36	84	1
36	112	1
35	90	1
35	53	1
35	93	1
35	28	1
35	27	1
35	31	1
35	29	1
35	71	1
35	50	1
35	57	1
35	97	1
35	18	1
35	78	1
35	76	1
35	65	1
35	82	1
35	118	1
35	116	1
35	119	1
35	46	1
35	100	1
35	106	1
35	105	1
35	73	1
35	104	1
35	103	1
35	113	1
35	20	1
35	16	1
35	69	1
35	1	1
35	68	1
35	40	1
35	41	1
35	39	1
35	6	1
35	5	1
35	4	1
35	84	1
35	112	1
90	53	1
90	93	1
90	28	1
90	27	1
90	31	1
90	29	1
90	71	1
90	50	1
90	57	1
90	97	1
90	18	1
90	78	1
90	76	1
90	65	1
90	82	1
90	118	1
90	116	1
90	119	1
90	46	1
90	100	1
90	106	1
90	105	1
90	73	1
90	104	1
90	103	1
90	113	1
90	20	1
90	16	1
90	69	1
90	1	1
90	68	1
90	40	1
90	41	1
90	39	1
90	6	1
90	5	1
90	4	1
90	84	1
90	112	1
53	93	1
53	28	1
53	27	1
53	31	1
53	29	1
53	71	1
53	50	1
53	57	1
53	97	1
53	18	1
53	78	1
53	76	1
53	65	1
53	82	1
53	118	1
53	116	1
53	119	1
53	46	1
53	100	1
53	106	1
53	105	1
53	73	1
53	104	1
53	103	1
53	113	1
53	20	1
53	16	1
53	69	1
53	1	1
53	68	1
53	40	1
53	41	1
53	39	1
53	6	1
53	5	1
53	4	1
53	84	1
53	112	1
93	28	1
93	27	1
93	31	1
93	29	1
93	71	1
93	50	1
93	57	1
93	97	1
93	18	1
93	78	1
93	76	1
93	65	1
93	82	1
93	118	1
93	116	1
93	119	1
93	46	1
93	100	1
93	106	1
93	105	1
93	73	1
93	104	1
93	103	1
93	113	1
93	20	1
93	16	1
93	69	1
93	1	1
93	68	1
93	40	1
93	41	1
93	39	1
93	6	1
93	5	1
93	4	1
93	84	1
93	112	1
28	27	1
28	31	1
28	29	1
28	71	1
28	50	1
28	57	1
28	97	1
28	18	1
28	78	1
28	76	1
28	65	1
28	82	1
28	118	1
28	116	1
28	119	1
28	46	1
28	100	1
28	106	1
28	105	1
28	73	1
28	104	1
28	103	1
28	113	1
28	20	1
28	16	1
28	69	1
28	1	1
28	68	1
28	40	1
28	41	1
28	39	1
28	6	1
28	5	1
28	4	1
28	84	1
28	112	1
27	31	1
27	29	1
27	71	1
27	50	1
27	57	1
27	97	1
27	18	1
27	78	1
27	76	1
27	65	1
27	82	1
27	118	1
27	116	1
27	119	1
27	46	1
27	100	1
27	106	1
27	105	1
27	73	1
27	104	1
27	103	1
27	113	1
27	20	1
27	16	1
27	69	1
27	1	1
27	68	1
27	40	1
27	41	1
27	39	1
27	6	1
27	5	1
27	4	1
27	84	1
27	112	1
31	29	1
31	71	1
31	50	1
31	57	1
31	97	1
31	18	1
31	78	1
31	76	1
31	65	1
31	82	1
31	118	1
31	116	1
31	119	1
31	46	1
31	100	1
31	106	1
31	105	1
31	73	1
31	104	1
31	103	1
31	113	1
31	20	1
31	16	1
31	69	1
31	1	1
31	68	1
31	40	1
31	41	1
31	39	1
31	6	1
31	5	1
31	4	1
31	84	1
31	112	1
29	71	1
29	50	1
29	57	1
29	97	1
29	18	1
29	78	1
29	76	1
29	65	1
29	82	1
29	118	1
29	116	1
29	119	1
29	46	1
29	100	1
29	106	1
29	105	1
29	73	1
29	104	1
29	103	1
29	113	1
29	20	1
29	16	1
29	69	1
29	1	1
29	68	1
29	40	1
29	41	1
29	39	1
29	6	1
29	5	1
29	4	1
29	84	1
29	112	1
71	50	1
71	57	1
71	97	1
71	18	1
71	78	1
71	76	1
71	65	1
71	82	1
71	118	1
71	116	1
71	119	1
71	46	1
71	100	1
71	106	1
71	105	1
71	73	1
71	104	1
71	103	1
71	113	1
71	20	1
71	16	1
71	69	1
71	1	1
71	68	1
71	40	1
71	41	1
71	39	1
71	6	1
71	5	1
71	4	1
71	84	1
71	112	1
50	57	1
50	97	1
50	18	1
50	78	1
50	76	1
50	65	1
50	82	1
50	118	1
50	116	1
50	119	1
50	46	1
50	100	1
50	106	1
50	105	1
50	73	1
50	104	1
50	103	1
50	113	1
50	20	1
50	16	1
50	69	1
50	1	1
50	68	1
50	40	1
50	41	1
50	39	1
50	6	1
50	5	1
50	4	1
50	84	1
50	112	1
57	97	1
57	18	1
57	78	1
57	76	1
57	65	1
57	82	1
57	118	1
57	116	1
57	119	1
57	46	1
57	100	1
57	106	1
57	105	1
57	73	1
57	104	1
57	103	1
57	113	1
57	20	1
57	16	1
57	69	1
57	1	1
57	68	1
57	40	1
57	41	1
57	39	1
57	6	1
57	5	1
57	4	1
57	84	1
57	112	1
97	18	1
97	78	1
97	76	1
97	65	1
97	82	1
97	118	1
97	116	1
97	119	1
97	46	1
97	100	1
97	106	1
97	105	1
97	73	1
97	104	1
97	103	1
97	113	1
97	20	1
97	16	1
97	69	1
97	1	1
97	68	1
97	40	1
97	41	1
97	39	1
97	6	1
97	5	1
97	4	1
97	84	1
97	112	1
18	78	1
18	76	1
18	65	1
18	82	1
18	118	1
18	116	1
18	119	1
18	46	1
18	100	1
18	106	1
18	105	1
18	73	1
18	104	1
18	103	1
18	113	1
18	20	1
18	16	1
18	69	1
18	1	1
18	68	1
18	40	1
18	41	1
18	39	1
18	6	1
18	5	1
18	4	1
18	84	1
18	112	1
78	76	1
78	65	1
78	82	1
78	118	1
78	116	1
78	119	1
78	46	1
78	100	1
78	106	1
78	105	1
78	73	1
78	104	1
78	103	1
78	113	1
78	20	1
78	16	1
78	69	1
78	1	1
78	68	1
78	40	1
78	41	1
78	39	1
78	6	1
78	5	1
78	4	1
78	84	1
78	112	1
76	65	1
76	82	1
76	118	1
76	116	1
76	119	1
76	46	1
76	100	1
76	106	1
76	105	1
76	73	1
76	104	1
76	103	1
76	113	1
76	20	1
76	16	1
76	69	1
76	1	1
76	68	1
76	40	1
76	41	1
76	39	1
76	6	1
76	5	1
76	4	1
76	84	1
76	112	1
65	82	1
65	118	1
65	116	1
65	119	1
65	46	1
65	100	1
65	106	1
65	105	1
65	73	1
65	104	1
65	103	1
65	113	1
65	20	1
65	16	1
65	69	1
65	1	1
65	68	1
65	40	1
65	41	1
65	39	1
65	6	1
65	5	1
65	4	1
65	84	1
65	112	1
82	118	1
82	116	1
82	119	1
82	46	1
82	100	1
82	106	1
82	105	1
82	73	1
82	104	1
82	103	1
82	113	1
82	20	1
82	16	1
82	69	1
82	1	1
82	68	1
82	40	1
82	41	1
82	39	1
82	6	1
82	5	1
82	4	1
82	84	1
82	112	1
118	116	1
118	119	1
118	46	1
118	100	1
118	106	1
118	105	1
118	73	1
118	104	1
118	103	1
118	113	1
118	20	1
118	16	1
118	69	1
118	1	1
118	68	1
118	40	1
118	41	1
118	39	1
118	6	1
118	5	1
118	4	1
118	84	1
118	112	1
116	119	1
116	46	1
116	100	1
116	106	1
116	105	1
116	73	1
116	104	1
116	103	1
116	113	1
116	20	1
116	16	1
116	69	1
116	1	1
116	68	1
116	40	1
116	41	1
116	39	1
116	6	1
116	5	1
116	4	1
116	84	1
116	112	1
119	46	1
119	100	1
119	106	1
119	105	1
119	73	1
119	104	1
119	103	1
119	113	1
119	20	1
119	16	1
119	69	1
119	1	1
119	68	1
119	40	1
119	41	1
119	39	1
119	6	1
119	5	1
119	4	1
119	84	1
119	112	1
46	100	1
46	106	1
46	105	1
46	73	1
46	104	1
46	103	1
46	113	1
46	20	1
46	16	1
46	69	1
46	1	1
46	68	1
46	40	1
46	41	1
46	39	1
46	6	1
46	5	1
46	4	1
46	84	1
46	112	1
100	106	1
100	105	1
100	73	1
100	104	1
100	103	1
100	113	1
100	20	1
100	16	1
100	69	1
100	1	1
100	68	1
100	40	1
100	41	1
100	39	1
100	6	1
100	5	1
100	4	1
100	84	1
100	112	1
106	105	1
106	73	1
106	104	1
106	103	1
106	113	1
106	20	1
106	16	1
106	69	1
106	1	1
106	68	1
106	40	1
106	41	1
106	39	1
106	6	1
106	5	1
106	4	1
106	84	1
106	112	1
105	73	1
105	104	1
105	103	1
105	113	1
105	20	1
105	16	1
105	69	1
105	1	1
105	68	1
105	40	1
105	41	1
105	39	1
105	6	1
105	5	1
105	4	1
105	84	1
105	112	1
73	104	1
73	103	1
73	113	1
73	20	1
73	16	1
73	69	1
73	1	1
73	68	1
73	40	1
73	41	1
73	39	1
73	6	1
73	5	1
73	4	1
73	84	1
73	112	1
104	103	1
104	113	1
104	20	1
104	16	1
104	69	1
104	1	1
104	68	1
104	40	1
104	41	1
104	39	1
104	6	1
104	5	1
104	4	1
104	84	1
104	112	1
103	113	1
103	20	1
103	16	1
103	69	1
103	1	1
103	68	1
103	40	1
103	41	1
103	39	1
103	6	1
103	5	1
103	4	1
103	84	1
103	112	1
113	20	1
113	16	1
113	69	1
113	1	1
113	68	1
113	40	1
113	41	1
113	39	1
113	6	1
113	5	1
113	4	1
113	84	1
113	112	1
20	16	1
20	69	1
20	1	1
20	68	1
20	40	1
20	41	1
20	39	1
20	6	1
20	5	1
20	4	1
20	84	1
20	112	1
16	69	1
16	1	1
16	68	1
16	40	1
16	41	1
16	39	1
16	6	1
16	5	1
16	4	1
16	84	1
16	112	1
69	1	1
69	68	1
69	40	1
69	41	1
69	39	1
69	6	1
69	5	1
69	4	1
69	84	1
69	112	1
1	68	1
1	40	1
1	41	1
1	39	1
1	6	1
1	5	1
1	4	1
1	84	1
1	112	1
68	40	1
68	41	1
68	39	1
68	6	1
68	5	1
68	4	1
68	84	1
68	112	1
40	41	1
40	39	1
40	6	1
40	5	1
40	4	1
40	84	1
40	112	1
41	39	1
41	6	1
41	5	1
41	4	1
41	84	1
41	112	1
39	6	1
39	5	1
39	4	1
39	84	1
39	112	1
6	5	1
6	4	1
6	84	1
6	112	1
5	4	1
5	84	1
5	112	1
4	84	1
4	112	1
84	112	1
