89	88	1
89	87	1
89	86	1
89	9	1
89	11	1
89	25	1
89	12	1
89	13	1
89	24	1
89	23	1
89	66	1
89	2	1
89	58	1
89	59	1
89	56	1
89	96	1
89	14	1
89	15	1
89	32	1
89	38	1
89	37	1
89	35	1
89	95	1
89	90	1
89	91	1
89	53	1
89	28	1
89	27	1
89	31	1
89	30	1
89	29	1
89	71	1
89	50	1
89	57	1
89	98	1
89	97	1
89	49	1
89	114	1
89	78	1
89	51	1
89	76	1
89	65	1
89	79	1
89	81	1
89	82	1
89	75	1
89	118	1
89	116	1
89	117	1
89	115	1
89	119	1
89	46	1
89	45	1
89	43	1
89	48	1
89	100	1
89	106	1
89	107	1
89	74	1
89	108	1
89	73	1
89	54	1
89	33	1
89	104	1
89	103	1
89	113	1
89	19	1
89	20	1
89	16	1
89	17	1
89	21	1
89	69	1
89	1	1
89	68	1
89	67	1
89	72	1
89	61	1
89	42	1
89	41	1
89	63	1
89	39	1
89	120	1
89	3	1
89	4	1
89	84	1
89	85	1
89	112	1
89	110	1
88	87	1
88	86	1
88	9	1
88	11	1
88	25	1
88	12	1
88	13	1
88	24	1
88	23	1
88	66	1
88	2	1
88	58	1
88	59	1
88	56	1
88	96	1
88	14	1
88	15	1
88	32	1
88	38	1
88	37	1
88	35	1
88	95	1
88	90	1
88	91	1
88	53	1
88	28	1
88	27	1
88	31	1
88	30	1
88	29	1
88	71	1
88	50	1
88	57	1
88	98	1
88	97	1
88	49	1
88	114	1
88	78	1
88	51	1
88	76	1
88	65	1
88	79	1
88	81	1
88	82	1
88	75	1
88	118	1
88	116	1
88	117	1
88	115	1
88	119	1
88	46	1
88	45	1
88	43	1
88	48	1
88	100	1
88	106	1
88	107	1
88	74	1
88	108	1
88	73	1
88	54	1
88	33	1
88	104	1
88	103	1
88	113	1
88	19	1
88	20	1
88	16	1
88	17	1
88	21	1
88	69	1
88	1	1
88	68	1
88	67	1
88	72	1
88	61	1
88	42	1
88	41	1
88	63	1
88	39	1
88	120	1
88	3	1
88	4	1
88	84	1
88	85	1
88	112	1
88	110	1
87	86	1
87	9	1
87	11	1
87	25	1
87	12	1
87	13	1
87	24	1
87	23	1
87	66	1
87	2	1
87	58	1
87	59	1
87	56	1
87	96	1
87	14	1
87	15	1
87	32	1
87	38	1
87	37	1
87	35	1
87	95	1
87	90	1
87	91	1
87	53	1
87	28	1
87	27	1
87	31	1
87	30	1
87	29	1
87	71	1
87	50	1
87	57	1
87	98	1
87	97	1
87	49	1
87	114	1
87	78	1
87	51	1
87	76	1
87	65	1
87	79	1
87	81	1
87	82	1
87	75	1
87	118	1
87	116	1
87	117	1
87	115	1
87	119	1
87	46	1
87	45	1
87	43	1
87	48	1
87	100	1
87	106	1
87	107	1
87	74	1
87	108	1
87	73	1
87	54	1
87	33	1
87	104	1
87	103	1
87	113	1
87	19	1
87	20	1
87	16	1
87	17	1
87	21	1
87	69	1
87	1	1
87	68	1
87	67	1
87	72	1
87	61	1
87	42	1
87	41	1
87	63	1
87	39	1
87	120	1
87	3	1
87	4	1
87	84	1
87	85	1
87	112	1
87	110	1
86	9	1
86	11	1
86	25	1
86	12	1
86	13	1
86	24	1
86	23	1
86	66	1
86	2	1
86	58	1
86	59	1
86	56	1
86	96	1
86	14	1
86	15	1
86	32	1
86	38	1
86	37	1
86	35	1
86	95	1
86	90	1
86	91	1
86	53	1
86	28	1
86	27	1
86	31	1
86	30	1
86	29	1
86	71	1
86	50	1
86	57	1
86	98	1
86	97	1
86	49	1
86	114	1
86	78	1
86	51	1
86	76	1
86	65	1
86	79	1
86	81	1
86	82	1
86	75	1
86	118	1
86	116	1
86	117	1
86	115	1
86	119	1
86	46	1
86	45	1
86	43	1
86	48	1
86	100	1
86	106	1
86	107	1
86	74	1
86	108	1
86	73	1
86	54	1
86	33	1
86	104	1
86	103	1
86	113	1
86	19	1
86	20	1
86	16	1
86	17	1
86	21	1
86	69	1
86	1	1
86	68	1
86	67	1
86	72	1
86	61	1
86	42	1
86	41	1
86	63	1
86	39	1
86	120	1
86	3	1
86	4	1
86	84	1
86	85	1
86	112	1
86	110	1
9	11	1
9	25	1
9	12	1
9	13	1
9	24	1
9	23	1
9	66	1
9	2	1
9	58	1
9	59	1
9	56	1
9	96	1
9	14	1
9	15	1
9	32	1
9	38	1
9	37	1
9	35	1
9	95	1
9	90	1
9	91	1
9	53	1
9	28	1
9	27	1
9	31	1
9	30	1
9	29	1
9	71	1
9	50	1
9	57	1
9	98	1
9	97	1
9	49	1
9	114	1
9	78	1
9	51	1
9	76	1
9	65	1
9	79	1
9	81	1
9	82	1
9	75	1
9	118	1
9	116	1
9	117	1
9	115	1
9	119	1
9	46	1
9	45	1
9	43	1
9	48	1
9	100	1
9	106	1
9	107	1
9	74	1
9	108	1
9	73	1
9	54	1
9	33	1
9	104	1
9	103	1
9	113	1
9	19	1
9	20	1
9	16	1
9	17	1
9	21	1
9	69	1
9	1	1
9	68	1
9	67	1
9	72	1
9	61	1
9	42	1
9	41	1
9	63	1
9	39	1
9	120	1
9	3	1
9	4	1
9	84	1
9	85	1
9	112	1
9	110	1
11	25	1
11	12	1
11	13	1
11	24	1
11	23	1
11	66	1
11	2	1
11	58	1
11	59	1
11	56	1
11	96	1
11	14	1
11	15	1
11	32	1
11	38	1
11	37	1
11	35	1
11	95	1
11	90	1
11	91	1
11	53	1
11	28	1
11	27	1
11	31	1
11	30	1
11	29	1
11	71	1
11	50	1
11	57	1
11	98	1
11	97	1
11	49	1
11	114	1
11	78	1
11	51	1
11	76	1
11	65	1
11	79	1
11	81	1
11	82	1
11	75	1
11	118	1
11	116	1
11	117	1
11	115	1
11	119	1
11	46	1
11	45	1
11	43	1
11	48	1
11	100	1
11	106	1
11	107	1
11	74	1
11	108	1
11	73	1
11	54	1
11	33	1
11	104	1
11	103	1
11	113	1
11	19	1
11	20	1
11	16	1
11	17	1
11	21	1
11	69	1
11	1	1
11	68	1
11	67	1
11	72	1
11	61	1
11	42	1
11	41	1
11	63	1
11	39	1
11	120	1
11	3	1
11	4	1
11	84	1
11	85	1
11	112	1
11	110	1
25	12	1
25	13	1
25	24	1
25	23	1
25	66	1
25	2	1
25	58	1
25	59	1
25	56	1
25	96	1
25	14	1
25	15	1
25	32	1
25	38	1
25	37	1
25	35	1
25	95	1
25	90	1
25	91	1
25	53	1
25	28	1
25	27	1
25	31	1
25	30	1
25	29	1
25	71	1
25	50	1
25	57	1
25	98	1
25	97	1
25	49	1
25	114	1
25	78	1
25	51	1
25	76	1
25	65	1
25	79	1
25	81	1
25	82	1
25	75	1
25	118	1
25	116	1
25	117	1
25	115	1
25	119	1
25	46	1
25	45	1
25	43	1
25	48	1
25	100	1
25	106	1
25	107	1
25	74	1
25	108	1
25	73	1
25	54	1
25	33	1
25	104	1
25	103	1
25	113	1
25	19	1
25	20	1
25	16	1
25	17	1
25	21	1
25	69	1
25	1	1
25	68	1
25	67	1
25	72	1
25	61	1
25	42	1
25	41	1
25	63	1
25	39	1
25	120	1
25	3	1
25	4	1
25	84	1
25	85	1
25	112	1
25	110	1
12	13	1
12	24	1
12	23	1
12	66	1
12	2	1
12	58	1
12	59	1
12	56	1
12	96	1
12	14	1
12	15	1
12	32	1
12	38	1
12	37	1
12	35	1
12	95	1
12	90	1
12	91	1
12	53	1
12	28	1
12	27	1
12	31	1
12	30	1
12	29	1
12	71	1
12	50	1
12	57	1
12	98	1
12	97	1
12	49	1
12	114	1
12	78	1
12	51	1
12	76	1
12	65	1
12	79	1
12	81	1
12	82	1
12	75	1
12	118	1
12	116	1
12	117	1
12	115	1
12	119	1
12	46	1
12	45	1
12	43	1
12	48	1
12	100	1
12	106	1
12	107	1
12	74	1
12	108	1
12	73	1
12	54	1
12	33	1
12	104	1
12	103	1
12	113	1
12	19	1
12	20	1
12	16	1
12	17	1
12	21	1
12	69	1
12	1	1
12	68	1
12	67	1
12	72	1
12	61	1
12	42	1
12	41	1
12	63	1
12	39	1
12	120	1
12	3	1
12	4	1
12	84	1
12	85	1
12	112	1
12	110	1
13	24	1
13	23	1
13	66	1
13	2	1
13	58	1
13	59	1
13	56	1
13	96	1
13	14	1
13	15	1
13	32	1
13	38	1
13	37	1
13	35	1
13	95	1
13	90	1
13	91	1
13	53	1
13	28	1
13	27	1
13	31	1
13	30	1
13	29	1
13	71	1
13	50	1
13	57	1
13	98	1
13	97	1
13	49	1
13	114	1
13	78	1
13	51	1
13	76	1
13	65	1
13	79	1
13	81	1
13	82	1
13	75	1
13	118	1
13	116	1
13	117	1
13	115	1
13	119	1
13	46	1
13	45	1
13	43	1
13	48	1
13	100	1
13	106	1
13	107	1
13	74	1
13	108	1
13	73	1
13	54	1
13	33	1
13	104	1
13	103	1
13	113	1
13	19	1
13	20	1
13	16	1
13	17	1
13	21	1
13	69	1
13	1	1
13	68	1
13	67	1
13	72	1
13	61	1
13	42	1
13	41	1
13	63	1
13	39	1
13	120	1
13	3	1
13	4	1
13	84	1
13	85	1
13	112	1
13	110	1
24	23	1
24	66	1
24	2	1
24	58	1
24	59	1
24	56	1
24	96	1
24	14	1
24	15	1
24	32	1
24	38	1
24	37	1
24	35	1
24	95	1
24	90	1
24	91	1
24	53	1
24	28	1
24	27	1
24	31	1
24	30	1
24	29	1
24	71	1
24	50	1
24	57	1
24	98	1
24	97	1
24	49	1
24	114	1
24	78	1
24	51	1
24	76	1
24	65	1
24	79	1
24	81	1
24	82	1
24	75	1
24	118	1
24	116	1
24	117	1
24	115	1
24	119	1
24	46	1
24	45	1
24	43	1
24	48	1
24	100	1
24	106	1
24	107	1
24	74	1
24	108	1
24	73	1
24	54	1
24	33	1
24	104	1
24	103	1
24	113	1
24	19	1
24	20	1
24	16	1
24	17	1
24	21	1
24	69	1
24	1	1
24	68	1
24	67	1
24	72	1
24	61	1
24	42	1
24	41	1
24	63	1
24	39	1
24	120	1
24	3	1
24	4	1
24	84	1
24	85	1
24	112	1
24	110	1
23	66	1
23	2	1
23	58	1
23	59	1
23	56	1
23	96	1
23	14	1
23	15	1
23	32	1
23	38	1
23	37	1
23	35	1
23	95	1
23	90	1
23	91	1
23	53	1
23	28	1
23	27	1
23	31	1
23	30	1
23	29	1
23	71	1
23	50	1
23	57	1
23	98	1
23	97	1
23	49	1
23	114	1
23	78	1
23	51	1
23	76	1
23	65	1
23	79	1
23	81	1
23	82	1
23	75	1
23	118	1
23	116	1
23	117	1
23	115	1
23	119	1
23	46	1
23	45	1
23	43	1
23	48	1
23	100	1
23	106	1
23	107	1
23	74	1
23	108	1
23	73	1
23	54	1
23	33	1
23	104	1
23	103	1
23	113	1
23	19	1
23	20	1
23	16	1
23	17	1
23	21	1
23	69	1
23	1	1
23	68	1
23	67	1
23	72	1
23	61	1
23	42	1
23	41	1
23	63	1
23	39	1
23	120	1
23	3	1
23	4	1
23	84	1
23	85	1
23	112	1
23	110	1
66	2	1
66	58	1
66	59	1
66	56	1
66	96	1
66	14	1
66	15	1
66	32	1
66	38	1
66	37	1
66	35	1
66	95	1
66	90	1
66	91	1
66	53	1
66	28	1
66	27	1
66	31	1
66	30	1
66	29	1
66	71	1
66	50	1
66	57	1
66	98	1
66	97	1
66	49	1
66	114	1
66	78	1
66	51	1
66	76	1
66	65	1
66	79	1
66	81	1
66	82	1
66	75	1
66	118	1
66	116	1
66	117	1
66	115	1
66	119	1
66	46	1
66	45	1
66	43	1
66	48	1
66	100	1
66	106	1
66	107	1
66	74	1
66	108	1
66	73	1
66	54	1
66	33	1
66	104	1
66	103	1
66	113	1
66	19	1
66	20	1
66	16	1
66	17	1
66	21	1
66	69	1
66	1	1
66	68	1
66	67	1
66	72	1
66	61	1
66	42	1
66	41	1
66	63	1
66	39	1
66	120	1
66	3	1
66	4	1
66	84	1
66	85	1
66	112	1
66	110	1
2	58	1
2	59	1
2	56	1
2	96	1
2	14	1
2	15	1
2	32	1
2	38	1
2	37	1
2	35	1
2	95	1
2	90	1
2	91	1
2	53	1
2	28	1
2	27	1
2	31	1
2	30	1
2	29	1
2	71	1
2	50	1
2	57	1
2	98	1
2	97	1
2	49	1
2	114	1
2	78	1
2	51	1
2	76	1
2	65	1
2	79	1
2	81	1
2	82	1
2	75	1
2	118	1
2	116	1
2	117	1
2	115	1
2	119	1
2	46	1
2	45	1
2	43	1
2	48	1
2	100	1
2	106	1
2	107	1
2	74	1
2	108	1
2	73	1
2	54	1
2	33	1
2	104	1
2	103	1
2	113	1
2	19	1
2	20	1
2	16	1
2	17	1
2	21	1
2	69	1
2	1	1
2	68	1
2	67	1
2	72	1
2	61	1
2	42	1
2	41	1
2	63	1
2	39	1
2	120	1
2	3	1
2	4	1
2	84	1
2	85	1
2	112	1
2	110	1
58	59	1
58	56	1
58	96	1
58	14	1
58	15	1
58	32	1
58	38	1
58	37	1
58	35	1
58	95	1
58	90	1
58	91	1
58	53	1
58	28	1
58	27	1
58	31	1
58	30	1
58	29	1
58	71	1
58	50	1
58	57	1
58	98	1
58	97	1
58	49	1
58	114	1
58	78	1
58	51	1
58	76	1
58	65	1
58	79	1
58	81	1
58	82	1
58	75	1
58	118	1
58	116	1
58	117	1
58	115	1
58	119	1
58	46	1
58	45	1
58	43	1
58	48	1
58	100	1
58	106	1
58	107	1
58	74	1
58	108	1
58	73	1
58	54	1
58	33	1
58	104	1
58	103	1
58	113	1
58	19	1
58	20	1
58	16	1
58	17	1
58	21	1
58	69	1
58	1	1
58	68	1
58	67	1
58	72	1
58	61	1
58	42	1
58	41	1
58	63	1
58	39	1
58	120	1
58	3	1
58	4	1
58	84	1
58	85	1
58	112	1
58	110	1
59	56	1
59	96	1
59	14	1
59	15	1
59	32	1
59	38	1
59	37	1
59	35	1
59	95	1
59	90	1
59	91	1
59	53	1
59	28	1
59	27	1
59	31	1
59	30	1
59	29	1
59	71	1
59	50	1
59	57	1
59	98	1
59	97	1
59	49	1
59	114	1
59	78	1
59	51	1
59	76	1
59	65	1
59	79	1
59	81	1
59	82	1
59	75	1
59	118	1
59	116	1
59	117	1
59	115	1
59	119	1
59	46	1
59	45	1
59	43	1
59	48	1
59	100	1
59	106	1
59	107	1
59	74	1
59	108	1
59	73	1
59	54	1
59	33	1
59	104	1
59	103	1
59	113	1
59	19	1
59	20	1
59	16	1
59	17	1
59	21	1
59	69	1
59	1	1
59	68	1
59	67	1
59	72	1
59	61	1
59	42	1
59	41	1
59	63	1
59	39	1
59	120	1
59	3	1
59	4	1
59	84	1
59	85	1
59	112	1
59	110	1
56	96	1
56	14	1
56	15	1
56	32	1
56	38	1
56	37	1
56	35	1
56	95	1
56	90	1
56	91	1
56	53	1
56	28	1
56	27	1
56	31	1
56	30	1
56	29	1
56	71	1
56	50	1
56	57	1
56	98	1
56	97	1
56	49	1
56	114	1
56	78	1
56	51	1
56	76	1
56	65	1
56	79	1
56	81	1
56	82	1
56	75	1
56	118	1
56	116	1
56	117	1
56	115	1
56	119	1
56	46	1
56	45	1
56	43	1
56	48	1
56	100	1
56	106	1
56	107	1
56	74	1
56	108	1
56	73	1
56	54	1
56	33	1
56	104	1
56	103	1
56	113	1
56	19	1
56	20	1
56	16	1
56	17	1
56	21	1
56	69	1
56	1	1
56	68	1
56	67	1
56	72	1
56	61	1
56	42	1
56	41	1
56	63	1
56	39	1
56	120	1
56	3	1
56	4	1
56	84	1
56	85	1
56	112	1
56	110	1
96	14	1
96	15	1
96	32	1
96	38	1
96	37	1
96	35	1
96	95	1
96	90	1
96	91	1
96	53	1
96	28	1
96	27	1
96	31	1
96	30	1
96	29	1
96	71	1
96	50	1
96	57	1
96	98	1
96	97	1
96	49	1
96	114	1
96	78	1
96	51	1
96	76	1
96	65	1
96	79	1
96	81	1
96	82	1
96	75	1
96	118	1
96	116	1
96	117	1
96	115	1
96	119	1
96	46	1
96	45	1
96	43	1
96	48	1
96	100	1
96	106	1
96	107	1
96	74	1
96	108	1
96	73	1
96	54	1
96	33	1
96	104	1
96	103	1
96	113	1
96	19	1
96	20	1
96	16	1
96	17	1
96	21	1
96	69	1
96	1	1
96	68	1
96	67	1
96	72	1
96	61	1
96	42	1
96	41	1
96	63	1
96	39	1
96	120	1
96	3	1
96	4	1
96	84	1
96	85	1
96	112	1
96	110	1
14	15	1
14	32	1
14	38	1
14	37	1
14	35	1
14	95	1
14	90	1
14	91	1
14	53	1
14	28	1
14	27	1
14	31	1
14	30	1
14	29	1
14	71	1
14	50	1
14	57	1
14	98	1
14	97	1
14	49	1
14	114	1
14	78	1
14	51	1
14	76	1
14	65	1
14	79	1
14	81	1
14	82	1
14	75	1
14	118	1
14	116	1
14	117	1
14	115	1
14	119	1
14	46	1
14	45	1
14	43	1
14	48	1
14	100	1
14	106	1
14	107	1
14	74	1
14	108	1
14	73	1
14	54	1
14	33	1
14	104	1
14	103	1
14	113	1
14	19	1
14	20	1
14	16	1
14	17	1
14	21	1
14	69	1
14	1	1
14	68	1
14	67	1
14	72	1
14	61	1
14	42	1
14	41	1
14	63	1
14	39	1
14	120	1
14	3	1
14	4	1
14	84	1
14	85	1
14	112	1
14	110	1
15	32	1
15	38	1
15	37	1
15	35	1
15	95	1
15	90	1
15	91	1
15	53	1
15	28	1
15	27	1
15	31	1
15	30	1
15	29	1
15	71	1
15	50	1
15	57	1
15	98	1
15	97	1
15	49	1
15	114	1
15	78	1
15	51	1
15	76	1
15	65	1
15	79	1
15	81	1
15	82	1
15	75	1
15	118	1
15	116	1
15	117	1
15	115	1
15	119	1
15	46	1
15	45	1
15	43	1
15	48	1
15	100	1
15	106	1
15	107	1
15	74	1
15	108	1
15	73	1
15	54	1
15	33	1
15	104	1
15	103	1
15	113	1
15	19	1
15	20	1
15	16	1
15	17	1
15	21	1
15	69	1
15	1	1
15	68	1
15	67	1
15	72	1
15	61	1
15	42	1
15	41	1
15	63	1
15	39	1
15	120	1
15	3	1
15	4	1
15	84	1
15	85	1
15	112	1
15	110	1
32	38	1
32	37	1
32	35	1
32	95	1
32	90	1
32	91	1
32	53	1
32	28	1
32	27	1
32	31	1
32	30	1
32	29	1
32	71	1
32	50	1
32	57	1
32	98	1
32	97	1
32	49	1
32	114	1
32	78	1
32	51	1
32	76	1
32	65	1
32	79	1
32	81	1
32	82	1
32	75	1
32	118	1
32	116	1
32	117	1
32	115	1
32	119	1
32	46	1
32	45	1
32	43	1
32	48	1
32	100	1
32	106	1
32	107	1
32	74	1
32	108	1
32	73	1
32	54	1
32	33	1
32	104	1
32	103	1
32	113	1
32	19	1
32	20	1
32	16	1
32	17	1
32	21	1
32	69	1
32	1	1
32	68	1
32	67	1
32	72	1
32	61	1
32	42	1
32	41	1
32	63	1
32	39	1
32	120	1
32	3	1
32	4	1
32	84	1
32	85	1
32	112	1
32	110	1
38	37	1
38	35	1
38	95	1
38	90	1
38	91	1
38	53	1
38	28	1
38	27	1
38	31	1
38	30	1
38	29	1
38	71	1
38	50	1
38	57	1
38	98	1
38	97	1
38	49	1
38	114	1
38	78	1
38	51	1
38	76	1
38	65	1
38	79	1
38	81	1
38	82	1
38	75	1
38	118	1
38	116	1
38	117	1
38	115	1
38	119	1
38	46	1
38	45	1
38	43	1
38	48	1
38	100	1
38	106	1
38	107	1
38	74	1
38	108	1
38	73	1
38	54	1
38	33	1
38	104	1
38	103	1
38	113	1
38	19	1
38	20	1
38	16	1
38	17	1
38	21	1
38	69	1
38	1	1
38	68	1
38	67	1
38	72	1
38	61	1
38	42	1
38	41	1
38	63	1
38	39	1
38	120	1
38	3	1
38	4	1
38	84	1
38	85	1
38	112	1
38	110	1
37	35	1
37	95	1
37	90	1
37	91	1
37	53	1
37	28	1
37	27	1
37	31	1
37	30	1
37	29	1
37	71	1
37	50	1
37	57	1
37	98	1
37	97	1
37	49	1
37	114	1
37	78	1
37	51	1
37	76	1
37	65	1
37	79	1
37	81	1
37	82	1
37	75	1
37	118	1
37	116	1
37	117	1
37	115	1
37	119	1
37	46	1
37	45	1
37	43	1
37	48	1
37	100	1
37	106	1
37	107	1
37	74	1
37	108	1
37	73	1
37	54	1
37	33	1
37	104	1
37	103	1
37	113	1
37	19	1
37	20	1
37	16	1
37	17	1
37	21	1
37	69	1
37	1	1
37	68	1
37	67	1
37	72	1
37	61	1
37	42	1
37	41	1
37	63	1
37	39	1
37	120	1
37	3	1
37	4	1
37	84	1
37	85	1
37	112	1
37	110	1
35	95	1
35	90	1
35	91	1
35	53	1
35	28	1
35	27	1
35	31	1
35	30	1
35	29	1
35	71	1
35	50	1
35	57	1
35	98	1
35	97	1
35	49	1
35	114	1
35	78	1
35	51	1
35	76	1
35	65	1
35	79	1
35	81	1
35	82	1
35	75	1
35	118	1
35	116	1
35	117	1
35	115	1
35	119	1
35	46	1
35	45	1
35	43	1
35	48	1
35	100	1
35	106	1
35	107	1
35	74	1
35	108	1
35	73	1
35	54	1
35	33	1
35	104	1
35	103	1
35	113	1
35	19	1
35	20	1
35	16	1
35	17	1
35	21	1
35	69	1
35	1	1
35	68	1
35	67	1
35	72	1
35	61	1
35	42	1
35	41	1
35	63	1
35	39	1
35	120	1
35	3	1
35	4	1
35	84	1
35	85	1
35	112	1
35	110	1
95	90	1
95	91	1
95	53	1
95	28	1
95	27	1
95	31	1
95	30	1
95	29	1
95	71	1
95	50	1
95	57	1
95	98	1
95	97	1
95	49	1
95	114	1
95	78	1
95	51	1
95	76	1
95	65	1
95	79	1
95	81	1
95	82	1
95	75	1
95	118	1
95	116	1
95	117	1
95	115	1
95	119	1
95	46	1
95	45	1
95	43	1
95	48	1
95	100	1
95	106	1
95	107	1
95	74	1
95	108	1
95	73	1
95	54	1
95	33	1
95	104	1
95	103	1
95	113	1
95	19	1
95	20	1
95	16	1
95	17	1
95	21	1
95	69	1
95	1	1
95	68	1
95	67	1
95	72	1
95	61	1
95	42	1
95	41	1
95	63	1
95	39	1
95	120	1
95	3	1
95	4	1
95	84	1
95	85	1
95	112	1
95	110	1
90	91	1
90	53	1
90	28	1
90	27	1
90	31	1
90	30	1
90	29	1
90	71	1
90	50	1
90	57	1
90	98	1
90	97	1
90	49	1
90	114	1
90	78	1
90	51	1
90	76	1
90	65	1
90	79	1
90	81	1
90	82	1
90	75	1
90	118	1
90	116	1
90	117	1
90	115	1
90	119	1
90	46	1
90	45	1
90	43	1
90	48	1
90	100	1
90	106	1
90	107	1
90	74	1
90	108	1
90	73	1
90	54	1
90	33	1
90	104	1
90	103	1
90	113	1
90	19	1
90	20	1
90	16	1
90	17	1
90	21	1
90	69	1
90	1	1
90	68	1
90	67	1
90	72	1
90	61	1
90	42	1
90	41	1
90	63	1
90	39	1
90	120	1
90	3	1
90	4	1
90	84	1
90	85	1
90	112	1
90	110	1
91	53	1
91	28	1
91	27	1
91	31	1
91	30	1
91	29	1
91	71	1
91	50	1
91	57	1
91	98	1
91	97	1
91	49	1
91	114	1
91	78	1
91	51	1
91	76	1
91	65	1
91	79	1
91	81	1
91	82	1
91	75	1
91	118	1
91	116	1
91	117	1
91	115	1
91	119	1
91	46	1
91	45	1
91	43	1
91	48	1
91	100	1
91	106	1
91	107	1
91	74	1
91	108	1
91	73	1
91	54	1
91	33	1
91	104	1
91	103	1
91	113	1
91	19	1
91	20	1
91	16	1
91	17	1
91	21	1
91	69	1
91	1	1
91	68	1
91	67	1
91	72	1
91	61	1
91	42	1
91	41	1
91	63	1
91	39	1
91	120	1
91	3	1
91	4	1
91	84	1
91	85	1
91	112	1
91	110	1
53	28	1
53	27	1
53	31	1
53	30	1
53	29	1
53	71	1
53	50	1
53	57	1
53	98	1
53	97	1
53	49	1
53	114	1
53	78	1
53	51	1
53	76	1
53	65	1
53	79	1
53	81	1
53	82	1
53	75	1
53	118	1
53	116	1
53	117	1
53	115	1
53	119	1
53	46	1
53	45	1
53	43	1
53	48	1
53	100	1
53	106	1
53	107	1
53	74	1
53	108	1
53	73	1
53	54	1
53	33	1
53	104	1
53	103	1
53	113	1
53	19	1
53	20	1
53	16	1
53	17	1
53	21	1
53	69	1
53	1	1
53	68	1
53	67	1
53	72	1
53	61	1
53	42	1
53	41	1
53	63	1
53	39	1
53	120	1
53	3	1
53	4	1
53	84	1
53	85	1
53	112	1
53	110	1
28	27	1
28	31	1
28	30	1
28	29	1
28	71	1
28	50	1
28	57	1
28	98	1
28	97	1
28	49	1
28	114	1
28	78	1
28	51	1
28	76	1
28	65	1
28	79	1
28	81	1
28	82	1
28	75	1
28	118	1
28	116	1
28	117	1
28	115	1
28	119	1
28	46	1
28	45	1
28	43	1
28	48	1
28	100	1
28	106	1
28	107	1
28	74	1
28	108	1
28	73	1
28	54	1
28	33	1
28	104	1
28	103	1
28	113	1
28	19	1
28	20	1
28	16	1
28	17	1
28	21	1
28	69	1
28	1	1
28	68	1
28	67	1
28	72	1
28	61	1
28	42	1
28	41	1
28	63	1
28	39	1
28	120	1
28	3	1
28	4	1
28	84	1
28	85	1
28	112	1
28	110	1
27	31	1
27	30	1
27	29	1
27	71	1
27	50	1
27	57	1
27	98	1
27	97	1
27	49	1
27	114	1
27	78	1
27	51	1
27	76	1
27	65	1
27	79	1
27	81	1
27	82	1
27	75	1
27	118	1
27	116	1
27	117	1
27	115	1
27	119	1
27	46	1
27	45	1
27	43	1
27	48	1
27	100	1
27	106	1
27	107	1
27	74	1
27	108	1
27	73	1
27	54	1
27	33	1
27	104	1
27	103	1
27	113	1
27	19	1
27	20	1
27	16	1
27	17	1
27	21	1
27	69	1
27	1	1
27	68	1
27	67	1
27	72	1
27	61	1
27	42	1
27	41	1
27	63	1
27	39	1
27	120	1
27	3	1
27	4	1
27	84	1
27	85	1
27	112	1
27	110	1
31	30	1
31	29	1
31	71	1
31	50	1
31	57	1
31	98	1
31	97	1
31	49	1
31	114	1
31	78	1
31	51	1
31	76	1
31	65	1
31	79	1
31	81	1
31	82	1
31	75	1
31	118	1
31	116	1
31	117	1
31	115	1
31	119	1
31	46	1
31	45	1
31	43	1
31	48	1
31	100	1
31	106	1
31	107	1
31	74	1
31	108	1
31	73	1
31	54	1
31	33	1
31	104	1
31	103	1
31	113	1
31	19	1
31	20	1
31	16	1
31	17	1
31	21	1
31	69	1
31	1	1
31	68	1
31	67	1
31	72	1
31	61	1
31	42	1
31	41	1
31	63	1
31	39	1
31	120	1
31	3	1
31	4	1
31	84	1
31	85	1
31	112	1
31	110	1
30	29	1
30	71	1
30	50	1
30	57	1
30	98	1
30	97	1
30	49	1
30	114	1
30	78	1
30	51	1
30	76	1
30	65	1
30	79	1
30	81	1
30	82	1
30	75	1
30	118	1
30	116	1
30	117	1
30	115	1
30	119	1
30	46	1
30	45	1
30	43	1
30	48	1
30	100	1
30	106	1
30	107	1
30	74	1
30	108	1
30	73	1
30	54	1
30	33	1
30	104	1
30	103	1
30	113	1
30	19	1
30	20	1
30	16	1
30	17	1
30	21	1
30	69	1
30	1	1
30	68	1
30	67	1
30	72	1
30	61	1
30	42	1
30	41	1
30	63	1
30	39	1
30	120	1
30	3	1
30	4	1
30	84	1
30	85	1
30	112	1
30	110	1
29	71	1
29	50	1
29	57	1
29	98	1
29	97	1
29	49	1
29	114	1
29	78	1
29	51	1
29	76	1
29	65	1
29	79	1
29	81	1
29	82	1
29	75	1
29	118	1
29	116	1
29	117	1
29	115	1
29	119	1
29	46	1
29	45	1
29	43	1
29	48	1
29	100	1
29	106	1
29	107	1
29	74	1
29	108	1
29	73	1
29	54	1
29	33	1
29	104	1
29	103	1
29	113	1
29	19	1
29	20	1
29	16	1
29	17	1
29	21	1
29	69	1
29	1	1
29	68	1
29	67	1
29	72	1
29	61	1
29	42	1
29	41	1
29	63	1
29	39	1
29	120	1
29	3	1
29	4	1
29	84	1
29	85	1
29	112	1
29	110	1
71	50	1
71	57	1
71	98	1
71	97	1
71	49	1
71	114	1
71	78	1
71	51	1
71	76	1
71	65	1
71	79	1
71	81	1
71	82	1
71	75	1
71	118	1
71	116	1
71	117	1
71	115	1
71	119	1
71	46	1
71	45	1
71	43	1
71	48	1
71	100	1
71	106	1
71	107	1
71	74	1
71	108	1
71	73	1
71	54	1
71	33	1
71	104	1
71	103	1
71	113	1
71	19	1
71	20	1
71	16	1
71	17	1
71	21	1
71	69	1
71	1	1
71	68	1
71	67	1
71	72	1
71	61	1
71	42	1
71	41	1
71	63	1
71	39	1
71	120	1
71	3	1
71	4	1
71	84	1
71	85	1
71	112	1
71	110	1
50	57	1
50	98	1
50	97	1
50	49	1
50	114	1
50	78	1
50	51	1
50	76	1
50	65	1
50	79	1
50	81	1
50	82	1
50	75	1
50	118	1
50	116	1
50	117	1
50	115	1
50	119	1
50	46	1
50	45	1
50	43	1
50	48	1
50	100	1
50	106	1
50	107	1
50	74	1
50	108	1
50	73	1
50	54	1
50	33	1
50	104	1
50	103	1
50	113	1
50	19	1
50	20	1
50	16	1
50	17	1
50	21	1
50	69	1
50	1	1
50	68	1
50	67	1
50	72	1
50	61	1
50	42	1
50	41	1
50	63	1
50	39	1
50	120	1
50	3	1
50	4	1
50	84	1
50	85	1
50	112	1
50	110	1
57	98	1
57	97	1
57	49	1
57	114	1
57	78	1
57	51	1
57	76	1
57	65	1
57	79	1
57	81	1
57	82	1
57	75	1
57	118	1
57	116	1
57	117	1
57	115	1
57	119	1
57	46	1
57	45	1
57	43	1
57	48	1
57	100	1
57	106	1
57	107	1
57	74	1
57	108	1
57	73	1
57	54	1
57	33	1
57	104	1
57	103	1
57	113	1
57	19	1
57	20	1
57	16	1
57	17	1
57	21	1
57	69	1
57	1	1
57	68	1
57	67	1
57	72	1
57	61	1
57	42	1
57	41	1
57	63	1
57	39	1
57	120	1
57	3	1
57	4	1
57	84	1
57	85	1
57	112	1
57	110	1
98	97	1
98	49	1
98	114	1
98	78	1
98	51	1
98	76	1
98	65	1
98	79	1
98	81	1
98	82	1
98	75	1
98	118	1
98	116	1
98	117	1
98	115	1
98	119	1
98	46	1
98	45	1
98	43	1
98	48	1
98	100	1
98	106	1
98	107	1
98	74	1
98	108	1
98	73	1
98	54	1
98	33	1
98	104	1
98	103	1
98	113	1
98	19	1
98	20	1
98	16	1
98	17	1
98	21	1
98	69	1
98	1	1
98	68	1
98	67	1
98	72	1
98	61	1
98	42	1
98	41	1
98	63	1
98	39	1
98	120	1
98	3	1
98	4	1
98	84	1
98	85	1
98	112	1
98	110	1
97	49	1
97	114	1
97	78	1
97	51	1
97	76	1
97	65	1
97	79	1
97	81	1
97	82	1
97	75	1
97	118	1
97	116	1
97	117	1
97	115	1
97	119	1
97	46	1
97	45	1
97	43	1
97	48	1
97	100	1
97	106	1
97	107	1
97	74	1
97	108	1
97	73	1
97	54	1
97	33	1
97	104	1
97	103	1
97	113	1
97	19	1
97	20	1
97	16	1
97	17	1
97	21	1
97	69	1
97	1	1
97	68	1
97	67	1
97	72	1
97	61	1
97	42	1
97	41	1
97	63	1
97	39	1
97	120	1
97	3	1
97	4	1
97	84	1
97	85	1
97	112	1
97	110	1
49	114	1
49	78	1
49	51	1
49	76	1
49	65	1
49	79	1
49	81	1
49	82	1
49	75	1
49	118	1
49	116	1
49	117	1
49	115	1
49	119	1
49	46	1
49	45	1
49	43	1
49	48	1
49	100	1
49	106	1
49	107	1
49	74	1
49	108	1
49	73	1
49	54	1
49	33	1
49	104	1
49	103	1
49	113	1
49	19	1
49	20	1
49	16	1
49	17	1
49	21	1
49	69	1
49	1	1
49	68	1
49	67	1
49	72	1
49	61	1
49	42	1
49	41	1
49	63	1
49	39	1
49	120	1
49	3	1
49	4	1
49	84	1
49	85	1
49	112	1
49	110	1
114	78	1
114	51	1
114	76	1
114	65	1
114	79	1
114	81	1
114	82	1
114	75	1
114	118	1
114	116	1
114	117	1
114	115	1
114	119	1
114	46	1
114	45	1
114	43	1
114	48	1
114	100	1
114	106	1
114	107	1
114	74	1
114	108	1
114	73	1
114	54	1
114	33	1
114	104	1
114	103	1
114	113	1
114	19	1
114	20	1
114	16	1
114	17	1
114	21	1
114	69	1
114	1	1
114	68	1
114	67	1
114	72	1
114	61	1
114	42	1
114	41	1
114	63	1
114	39	1
114	120	1
114	3	1
114	4	1
114	84	1
114	85	1
114	112	1
114	110	1
78	51	1
78	76	1
78	65	1
78	79	1
78	81	1
78	82	1
78	75	1
78	118	1
78	116	1
78	117	1
78	115	1
78	119	1
78	46	1
78	45	1
78	43	1
78	48	1
78	100	1
78	106	1
78	107	1
78	74	1
78	108	1
78	73	1
78	54	1
78	33	1
78	104	1
78	103	1
78	113	1
78	19	1
78	20	1
78	16	1
78	17	1
78	21	1
78	69	1
78	1	1
78	68	1
78	67	1
78	72	1
78	61	1
78	42	1
78	41	1
78	63	1
78	39	1
78	120	1
78	3	1
78	4	1
78	84	1
78	85	1
78	112	1
78	110	1
51	76	1
51	65	1
51	79	1
51	81	1
51	82	1
51	75	1
51	118	1
51	116	1
51	117	1
51	115	1
51	119	1
51	46	1
51	45	1
51	43	1
51	48	1
51	100	1
51	106	1
51	107	1
51	74	1
51	108	1
51	73	1
51	54	1
51	33	1
51	104	1
51	103	1
51	113	1
51	19	1
51	20	1
51	16	1
51	17	1
51	21	1
51	69	1
51	1	1
51	68	1
51	67	1
51	72	1
51	61	1
51	42	1
51	41	1
51	63	1
51	39	1
51	120	1
51	3	1
51	4	1
51	84	1
51	85	1
51	112	1
51	110	1
76	65	1
76	79	1
76	81	1
76	82	1
76	75	1
76	118	1
76	116	1
76	117	1
76	115	1
76	119	1
76	46	1
76	45	1
76	43	1
76	48	1
76	100	1
76	106	1
76	107	1
76	74	1
76	108	1
76	73	1
76	54	1
76	33	1
76	104	1
76	103	1
76	113	1
76	19	1
76	20	1
76	16	1
76	17	1
76	21	1
76	69	1
76	1	1
76	68	1
76	67	1
76	72	1
76	61	1
76	42	1
76	41	1
76	63	1
76	39	1
76	120	1
76	3	1
76	4	1
76	84	1
76	85	1
76	112	1
76	110	1
65	79	1
65	81	1
65	82	1
65	75	1
65	118	1
65	116	1
65	117	1
65	115	1
65	119	1
65	46	1
65	45	1
65	43	1
65	48	1
65	100	1
65	106	1
65	107	1
65	74	1
65	108	1
65	73	1
65	54	1
65	33	1
65	104	1
65	103	1
65	113	1
65	19	1
65	20	1
65	16	1
65	17	1
65	21	1
65	69	1
65	1	1
65	68	1
65	67	1
65	72	1
65	61	1
65	42	1
65	41	1
65	63	1
65	39	1
65	120	1
65	3	1
65	4	1
65	84	1
65	85	1
65	112	1
65	110	1
79	81	1
79	82	1
79	75	1
79	118	1
79	116	1
79	117	1
79	115	1
79	119	1
79	46	1
79	45	1
79	43	1
79	48	1
79	100	1
79	106	1
79	107	1
79	74	1
79	108	1
79	73	1
79	54	1
79	33	1
79	104	1
79	103	1
79	113	1
79	19	1
79	20	1
79	16	1
79	17	1
79	21	1
79	69	1
79	1	1
79	68	1
79	67	1
79	72	1
79	61	1
79	42	1
79	41	1
79	63	1
79	39	1
79	120	1
79	3	1
79	4	1
79	84	1
79	85	1
79	112	1
79	110	1
81	82	1
81	75	1
81	118	1
81	116	1
81	117	1
81	115	1
81	119	1
81	46	1
81	45	1
81	43	1
81	48	1
81	100	1
81	106	1
81	107	1
81	74	1
81	108	1
81	73	1
81	54	1
81	33	1
81	104	1
81	103	1
81	113	1
81	19	1
81	20	1
81	16	1
81	17	1
81	21	1
81	69	1
81	1	1
81	68	1
81	67	1
81	72	1
81	61	1
81	42	1
81	41	1
81	63	1
81	39	1
81	120	1
81	3	1
81	4	1
81	84	1
81	85	1
81	112	1
81	110	1
82	75	1
82	118	1
82	116	1
82	117	1
82	115	1
82	119	1
82	46	1
82	45	1
82	43	1
82	48	1
82	100	1
82	106	1
82	107	1
82	74	1
82	108	1
82	73	1
82	54	1
82	33	1
82	104	1
82	103	1
82	113	1
82	19	1
82	20	1
82	16	1
82	17	1
82	21	1
82	69	1
82	1	1
82	68	1
82	67	1
82	72	1
82	61	1
82	42	1
82	41	1
82	63	1
82	39	1
82	120	1
82	3	1
82	4	1
82	84	1
82	85	1
82	112	1
82	110	1
75	118	1
75	116	1
75	117	1
75	115	1
75	119	1
75	46	1
75	45	1
75	43	1
75	48	1
75	100	1
75	106	1
75	107	1
75	74	1
75	108	1
75	73	1
75	54	1
75	33	1
75	104	1
75	103	1
75	113	1
75	19	1
75	20	1
75	16	1
75	17	1
75	21	1
75	69	1
75	1	1
75	68	1
75	67	1
75	72	1
75	61	1
75	42	1
75	41	1
75	63	1
75	39	1
75	120	1
75	3	1
75	4	1
75	84	1
75	85	1
75	112	1
75	110	1
118	116	1
118	117	1
118	115	1
118	119	1
118	46	1
118	45	1
118	43	1
118	48	1
118	100	1
118	106	1
118	107	1
118	74	1
118	108	1
118	73	1
118	54	1
118	33	1
118	104	1
118	103	1
118	113	1
118	19	1
118	20	1
118	16	1
118	17	1
118	21	1
118	69	1
118	1	1
118	68	1
118	67	1
118	72	1
118	61	1
118	42	1
118	41	1
118	63	1
118	39	1
118	120	1
118	3	1
118	4	1
118	84	1
118	85	1
118	112	1
118	110	1
116	117	1
116	115	1
116	119	1
116	46	1
116	45	1
116	43	1
116	48	1
116	100	1
116	106	1
116	107	1
116	74	1
116	108	1
116	73	1
116	54	1
116	33	1
116	104	1
116	103	1
116	113	1
116	19	1
116	20	1
116	16	1
116	17	1
116	21	1
116	69	1
116	1	1
116	68	1
116	67	1
116	72	1
116	61	1
116	42	1
116	41	1
116	63	1
116	39	1
116	120	1
116	3	1
116	4	1
116	84	1
116	85	1
116	112	1
116	110	1
117	115	1
117	119	1
117	46	1
117	45	1
117	43	1
117	48	1
117	100	1
117	106	1
117	107	1
117	74	1
117	108	1
117	73	1
117	54	1
117	33	1
117	104	1
117	103	1
117	113	1
117	19	1
117	20	1
117	16	1
117	17	1
117	21	1
117	69	1
117	1	1
117	68	1
117	67	1
117	72	1
117	61	1
117	42	1
117	41	1
117	63	1
117	39	1
117	120	1
117	3	1
117	4	1
117	84	1
117	85	1
117	112	1
117	110	1
115	119	1
115	46	1
115	45	1
115	43	1
115	48	1
115	100	1
115	106	1
115	107	1
115	74	1
115	108	1
115	73	1
115	54	1
115	33	1
115	104	1
115	103	1
115	113	1
115	19	1
115	20	1
115	16	1
115	17	1
115	21	1
115	69	1
115	1	1
115	68	1
115	67	1
115	72	1
115	61	1
115	42	1
115	41	1
115	63	1
115	39	1
115	120	1
115	3	1
115	4	1
115	84	1
115	85	1
115	112	1
115	110	1
119	46	1
119	45	1
119	43	1
119	48	1
119	100	1
119	106	1
119	107	1
119	74	1
119	108	1
119	73	1
119	54	1
119	33	1
119	104	1
119	103	1
119	113	1
119	19	1
119	20	1
119	16	1
119	17	1
119	21	1
119	69	1
119	1	1
119	68	1
119	67	1
119	72	1
119	61	1
119	42	1
119	41	1
119	63	1
119	39	1
119	120	1
119	3	1
119	4	1
119	84	1
119	85	1
119	112	1
119	110	1
46	45	1
46	43	1
46	48	1
46	100	1
46	106	1
46	107	1
46	74	1
46	108	1
46	73	1
46	54	1
46	33	1
46	104	1
46	103	1
46	113	1
46	19	1
46	20	1
46	16	1
46	17	1
46	21	1
46	69	1
46	1	1
46	68	1
46	67	1
46	72	1
46	61	1
46	42	1
46	41	1
46	63	1
46	39	1
46	120	1
46	3	1
46	4	1
46	84	1
46	85	1
46	112	1
46	110	1
45	43	1
45	48	1
45	100	1
45	106	1
45	107	1
45	74	1
45	108	1
45	73	1
45	54	1
45	33	1
45	104	1
45	103	1
45	113	1
45	19	1
45	20	1
45	16	1
45	17	1
45	21	1
45	69	1
45	1	1
45	68	1
45	67	1
45	72	1
45	61	1
45	42	1
45	41	1
45	63	1
45	39	1
45	120	1
45	3	1
45	4	1
45	84	1
45	85	1
45	112	1
45	110	1
43	48	1
43	100	1
43	106	1
43	107	1
43	74	1
43	108	1
43	73	1
43	54	1
43	33	1
43	104	1
43	103	1
43	113	1
43	19	1
43	20	1
43	16	1
43	17	1
43	21	1
43	69	1
43	1	1
43	68	1
43	67	1
43	72	1
43	61	1
43	42	1
43	41	1
43	63	1
43	39	1
43	120	1
43	3	1
43	4	1
43	84	1
43	85	1
43	112	1
43	110	1
48	100	1
48	106	1
48	107	1
48	74	1
48	108	1
48	73	1
48	54	1
48	33	1
48	104	1
48	103	1
48	113	1
48	19	1
48	20	1
48	16	1
48	17	1
48	21	1
48	69	1
48	1	1
48	68	1
48	67	1
48	72	1
48	61	1
48	42	1
48	41	1
48	63	1
48	39	1
48	120	1
48	3	1
48	4	1
48	84	1
48	85	1
48	112	1
48	110	1
100	106	1
100	107	1
100	74	1
100	108	1
100	73	1
100	54	1
100	33	1
100	104	1
100	103	1
100	113	1
100	19	1
100	20	1
100	16	1
100	17	1
100	21	1
100	69	1
100	1	1
100	68	1
100	67	1
100	72	1
100	61	1
100	42	1
100	41	1
100	63	1
100	39	1
100	120	1
100	3	1
100	4	1
100	84	1
100	85	1
100	112	1
100	110	1
106	107	1
106	74	1
106	108	1
106	73	1
106	54	1
106	33	1
106	104	1
106	103	1
106	113	1
106	19	1
106	20	1
106	16	1
106	17	1
106	21	1
106	69	1
106	1	1
106	68	1
106	67	1
106	72	1
106	61	1
106	42	1
106	41	1
106	63	1
106	39	1
106	120	1
106	3	1
106	4	1
106	84	1
106	85	1
106	112	1
106	110	1
107	74	1
107	108	1
107	73	1
107	54	1
107	33	1
107	104	1
107	103	1
107	113	1
107	19	1
107	20	1
107	16	1
107	17	1
107	21	1
107	69	1
107	1	1
107	68	1
107	67	1
107	72	1
107	61	1
107	42	1
107	41	1
107	63	1
107	39	1
107	120	1
107	3	1
107	4	1
107	84	1
107	85	1
107	112	1
107	110	1
74	108	1
74	73	1
74	54	1
74	33	1
74	104	1
74	103	1
74	113	1
74	19	1
74	20	1
74	16	1
74	17	1
74	21	1
74	69	1
74	1	1
74	68	1
74	67	1
74	72	1
74	61	1
74	42	1
74	41	1
74	63	1
74	39	1
74	120	1
74	3	1
74	4	1
74	84	1
74	85	1
74	112	1
74	110	1
108	73	1
108	54	1
108	33	1
108	104	1
108	103	1
108	113	1
108	19	1
108	20	1
108	16	1
108	17	1
108	21	1
108	69	1
108	1	1
108	68	1
108	67	1
108	72	1
108	61	1
108	42	1
108	41	1
108	63	1
108	39	1
108	120	1
108	3	1
108	4	1
108	84	1
108	85	1
108	112	1
108	110	1
73	54	1
73	33	1
73	104	1
73	103	1
73	113	1
73	19	1
73	20	1
73	16	1
73	17	1
73	21	1
73	69	1
73	1	1
73	68	1
73	67	1
73	72	1
73	61	1
73	42	1
73	41	1
73	63	1
73	39	1
73	120	1
73	3	1
73	4	1
73	84	1
73	85	1
73	112	1
73	110	1
54	33	1
54	104	1
54	103	1
54	113	1
54	19	1
54	20	1
54	16	1
54	17	1
54	21	1
54	69	1
54	1	1
54	68	1
54	67	1
54	72	1
54	61	1
54	42	1
54	41	1
54	63	1
54	39	1
54	120	1
54	3	1
54	4	1
54	84	1
54	85	1
54	112	1
54	110	1
33	104	1
33	103	1
33	113	1
33	19	1
33	20	1
33	16	1
33	17	1
33	21	1
33	69	1
33	1	1
33	68	1
33	67	1
33	72	1
33	61	1
33	42	1
33	41	1
33	63	1
33	39	1
33	120	1
33	3	1
33	4	1
33	84	1
33	85	1
33	112	1
33	110	1
104	103	1
104	113	1
104	19	1
104	20	1
104	16	1
104	17	1
104	21	1
104	69	1
104	1	1
104	68	1
104	67	1
104	72	1
104	61	1
104	42	1
104	41	1
104	63	1
104	39	1
104	120	1
104	3	1
104	4	1
104	84	1
104	85	1
104	112	1
104	110	1
103	113	1
103	19	1
103	20	1
103	16	1
103	17	1
103	21	1
103	69	1
103	1	1
103	68	1
103	67	1
103	72	1
103	61	1
103	42	1
103	41	1
103	63	1
103	39	1
103	120	1
103	3	1
103	4	1
103	84	1
103	85	1
103	112	1
103	110	1
113	19	1
113	20	1
113	16	1
113	17	1
113	21	1
113	69	1
113	1	1
113	68	1
113	67	1
113	72	1
113	61	1
113	42	1
113	41	1
113	63	1
113	39	1
113	120	1
113	3	1
113	4	1
113	84	1
113	85	1
113	112	1
113	110	1
19	20	1
19	16	1
19	17	1
19	21	1
19	69	1
19	1	1
19	68	1
19	67	1
19	72	1
19	61	1
19	42	1
19	41	1
19	63	1
19	39	1
19	120	1
19	3	1
19	4	1
19	84	1
19	85	1
19	112	1
19	110	1
20	16	1
20	17	1
20	21	1
20	69	1
20	1	1
20	68	1
20	67	1
20	72	1
20	61	1
20	42	1
20	41	1
20	63	1
20	39	1
20	120	1
20	3	1
20	4	1
20	84	1
20	85	1
20	112	1
20	110	1
16	17	1
16	21	1
16	69	1
16	1	1
16	68	1
16	67	1
16	72	1
16	61	1
16	42	1
16	41	1
16	63	1
16	39	1
16	120	1
16	3	1
16	4	1
16	84	1
16	85	1
16	112	1
16	110	1
17	21	1
17	69	1
17	1	1
17	68	1
17	67	1
17	72	1
17	61	1
17	42	1
17	41	1
17	63	1
17	39	1
17	120	1
17	3	1
17	4	1
17	84	1
17	85	1
17	112	1
17	110	1
21	69	1
21	1	1
21	68	1
21	67	1
21	72	1
21	61	1
21	42	1
21	41	1
21	63	1
21	39	1
21	120	1
21	3	1
21	4	1
21	84	1
21	85	1
21	112	1
21	110	1
69	1	1
69	68	1
69	67	1
69	72	1
69	61	1
69	42	1
69	41	1
69	63	1
69	39	1
69	120	1
69	3	1
69	4	1
69	84	1
69	85	1
69	112	1
69	110	1
1	68	1
1	67	1
1	72	1
1	61	1
1	42	1
1	41	1
1	63	1
1	39	1
1	120	1
1	3	1
1	4	1
1	84	1
1	85	1
1	112	1
1	110	1
68	67	1
68	72	1
68	61	1
68	42	1
68	41	1
68	63	1
68	39	1
68	120	1
68	3	1
68	4	1
68	84	1
68	85	1
68	112	1
68	110	1
67	72	1
67	61	1
67	42	1
67	41	1
67	63	1
67	39	1
67	120	1
67	3	1
67	4	1
67	84	1
67	85	1
67	112	1
67	110	1
72	61	1
72	42	1
72	41	1
72	63	1
72	39	1
72	120	1
72	3	1
72	4	1
72	84	1
72	85	1
72	112	1
72	110	1
61	42	1
61	41	1
61	63	1
61	39	1
61	120	1
61	3	1
61	4	1
61	84	1
61	85	1
61	112	1
61	110	1
42	41	1
42	63	1
42	39	1
42	120	1
42	3	1
42	4	1
42	84	1
42	85	1
42	112	1
42	110	1
41	63	1
41	39	1
41	120	1
41	3	1
41	4	1
41	84	1
41	85	1
41	112	1
41	110	1
63	39	1
63	120	1
63	3	1
63	4	1
63	84	1
63	85	1
63	112	1
63	110	1
39	120	1
39	3	1
39	4	1
39	84	1
39	85	1
39	112	1
39	110	1
120	3	1
120	4	1
120	84	1
120	85	1
120	112	1
120	110	1
3	4	1
3	84	1
3	85	1
3	112	1
3	110	1
4	84	1
4	85	1
4	112	1
4	110	1
84	85	1
84	112	1
84	110	1
85	112	1
85	110	1
112	110	1
