25	23	1
25	2	1
25	59	1
25	34	1
25	56	1
25	96	1
25	38	1
25	36	1
25	90	1
25	29	1
25	71	1
25	98	1
25	76	1
25	75	1
25	118	1
25	117	1
25	47	1
25	46	1
25	45	1
25	107	1
25	74	1
25	108	1
25	105	1
25	103	1
25	113	1
25	17	1
25	68	1
25	41	1
25	39	1
25	84	1
25	112	1
25	109	1
23	2	1
23	59	1
23	34	1
23	56	1
23	96	1
23	38	1
23	36	1
23	90	1
23	29	1
23	71	1
23	98	1
23	76	1
23	75	1
23	118	1
23	117	1
23	47	1
23	46	1
23	45	1
23	107	1
23	74	1
23	108	1
23	105	1
23	103	1
23	113	1
23	17	1
23	68	1
23	41	1
23	39	1
23	84	1
23	112	1
23	109	1
2	59	1
2	34	1
2	56	1
2	96	1
2	38	1
2	36	1
2	90	1
2	29	1
2	71	1
2	98	1
2	76	1
2	75	1
2	118	1
2	117	1
2	47	1
2	46	1
2	45	1
2	107	1
2	74	1
2	108	1
2	105	1
2	103	1
2	113	1
2	17	1
2	68	1
2	41	1
2	39	1
2	84	1
2	112	1
2	109	1
59	34	1
59	56	1
59	96	1
59	38	1
59	36	1
59	90	1
59	29	1
59	71	1
59	98	1
59	76	1
59	75	1
59	118	1
59	117	1
59	47	1
59	46	1
59	45	1
59	107	1
59	74	1
59	108	1
59	105	1
59	103	1
59	113	1
59	17	1
59	68	1
59	41	1
59	39	1
59	84	1
59	112	1
59	109	1
34	56	1
34	96	1
34	38	1
34	36	1
34	90	1
34	29	1
34	71	1
34	98	1
34	76	1
34	75	1
34	118	1
34	117	1
34	47	1
34	46	1
34	45	1
34	107	1
34	74	1
34	108	1
34	105	1
34	103	1
34	113	1
34	17	1
34	68	1
34	41	1
34	39	1
34	84	1
34	112	1
34	109	1
56	96	1
56	38	1
56	36	1
56	90	1
56	29	1
56	71	1
56	98	1
56	76	1
56	75	1
56	118	1
56	117	1
56	47	1
56	46	1
56	45	1
56	107	1
56	74	1
56	108	1
56	105	1
56	103	1
56	113	1
56	17	1
56	68	1
56	41	1
56	39	1
56	84	1
56	112	1
56	109	1
96	38	1
96	36	1
96	90	1
96	29	1
96	71	1
96	98	1
96	76	1
96	75	1
96	118	1
96	117	1
96	47	1
96	46	1
96	45	1
96	107	1
96	74	1
96	108	1
96	105	1
96	103	1
96	113	1
96	17	1
96	68	1
96	41	1
96	39	1
96	84	1
96	112	1
96	109	1
38	36	1
38	90	1
38	29	1
38	71	1
38	98	1
38	76	1
38	75	1
38	118	1
38	117	1
38	47	1
38	46	1
38	45	1
38	107	1
38	74	1
38	108	1
38	105	1
38	103	1
38	113	1
38	17	1
38	68	1
38	41	1
38	39	1
38	84	1
38	112	1
38	109	1
36	90	1
36	29	1
36	71	1
36	98	1
36	76	1
36	75	1
36	118	1
36	117	1
36	47	1
36	46	1
36	45	1
36	107	1
36	74	1
36	108	1
36	105	1
36	103	1
36	113	1
36	17	1
36	68	1
36	41	1
36	39	1
36	84	1
36	112	1
36	109	1
90	29	1
90	71	1
90	98	1
90	76	1
90	75	1
90	118	1
90	117	1
90	47	1
90	46	1
90	45	1
90	107	1
90	74	1
90	108	1
90	105	1
90	103	1
90	113	1
90	17	1
90	68	1
90	41	1
90	39	1
90	84	1
90	112	1
90	109	1
29	71	1
29	98	1
29	76	1
29	75	1
29	118	1
29	117	1
29	47	1
29	46	1
29	45	1
29	107	1
29	74	1
29	108	1
29	105	1
29	103	1
29	113	1
29	17	1
29	68	1
29	41	1
29	39	1
29	84	1
29	112	1
29	109	1
71	98	1
71	76	1
71	75	1
71	118	1
71	117	1
71	47	1
71	46	1
71	45	1
71	107	1
71	74	1
71	108	1
71	105	1
71	103	1
71	113	1
71	17	1
71	68	1
71	41	1
71	39	1
71	84	1
71	112	1
71	109	1
98	76	1
98	75	1
98	118	1
98	117	1
98	47	1
98	46	1
98	45	1
98	107	1
98	74	1
98	108	1
98	105	1
98	103	1
98	113	1
98	17	1
98	68	1
98	41	1
98	39	1
98	84	1
98	112	1
98	109	1
76	75	1
76	118	1
76	117	1
76	47	1
76	46	1
76	45	1
76	107	1
76	74	1
76	108	1
76	105	1
76	103	1
76	113	1
76	17	1
76	68	1
76	41	1
76	39	1
76	84	1
76	112	1
76	109	1
75	118	1
75	117	1
75	47	1
75	46	1
75	45	1
75	107	1
75	74	1
75	108	1
75	105	1
75	103	1
75	113	1
75	17	1
75	68	1
75	41	1
75	39	1
75	84	1
75	112	1
75	109	1
118	117	1
118	47	1
118	46	1
118	45	1
118	107	1
118	74	1
118	108	1
118	105	1
118	103	1
118	113	1
118	17	1
118	68	1
118	41	1
118	39	1
118	84	1
118	112	1
118	109	1
117	47	1
117	46	1
117	45	1
117	107	1
117	74	1
117	108	1
117	105	1
117	103	1
117	113	1
117	17	1
117	68	1
117	41	1
117	39	1
117	84	1
117	112	1
117	109	1
47	46	1
47	45	1
47	107	1
47	74	1
47	108	1
47	105	1
47	103	1
47	113	1
47	17	1
47	68	1
47	41	1
47	39	1
47	84	1
47	112	1
47	109	1
46	45	1
46	107	1
46	74	1
46	108	1
46	105	1
46	103	1
46	113	1
46	17	1
46	68	1
46	41	1
46	39	1
46	84	1
46	112	1
46	109	1
45	107	1
45	74	1
45	108	1
45	105	1
45	103	1
45	113	1
45	17	1
45	68	1
45	41	1
45	39	1
45	84	1
45	112	1
45	109	1
107	74	1
107	108	1
107	105	1
107	103	1
107	113	1
107	17	1
107	68	1
107	41	1
107	39	1
107	84	1
107	112	1
107	109	1
74	108	1
74	105	1
74	103	1
74	113	1
74	17	1
74	68	1
74	41	1
74	39	1
74	84	1
74	112	1
74	109	1
108	105	1
108	103	1
108	113	1
108	17	1
108	68	1
108	41	1
108	39	1
108	84	1
108	112	1
108	109	1
105	103	1
105	113	1
105	17	1
105	68	1
105	41	1
105	39	1
105	84	1
105	112	1
105	109	1
103	113	1
103	17	1
103	68	1
103	41	1
103	39	1
103	84	1
103	112	1
103	109	1
113	17	1
113	68	1
113	41	1
113	39	1
113	84	1
113	112	1
113	109	1
17	68	1
17	41	1
17	39	1
17	84	1
17	112	1
17	109	1
68	41	1
68	39	1
68	84	1
68	112	1
68	109	1
41	39	1
41	84	1
41	112	1
41	109	1
39	84	1
39	112	1
39	109	1
84	112	1
84	109	1
112	109	1
