89	88	1
89	87	1
89	86	1
89	9	1
89	11	1
89	25	1
89	12	1
89	24	1
89	23	1
89	66	1
89	58	1
89	59	1
89	56	1
89	96	1
89	14	1
89	15	1
89	32	1
89	38	1
89	37	1
89	36	1
89	95	1
89	90	1
89	91	1
89	53	1
89	93	1
89	27	1
89	30	1
89	29	1
89	71	1
89	50	1
89	57	1
89	98	1
89	97	1
89	49	1
89	114	1
89	77	1
89	78	1
89	51	1
89	76	1
89	79	1
89	80	1
89	81	1
89	82	1
89	75	1
89	118	1
89	116	1
89	117	1
89	115	1
89	119	1
89	46	1
89	45	1
89	43	1
89	106	1
89	107	1
89	74	1
89	108	1
89	73	1
89	54	1
89	33	1
89	103	1
89	113	1
89	19	1
89	20	1
89	16	1
89	17	1
89	21	1
89	68	1
89	72	1
89	61	1
89	40	1
89	42	1
89	41	1
89	39	1
89	6	1
89	5	1
89	3	1
89	4	1
89	84	1
89	112	1
89	109	1
89	110	1
88	87	1
88	86	1
88	9	1
88	11	1
88	25	1
88	12	1
88	24	1
88	23	1
88	66	1
88	58	1
88	59	1
88	56	1
88	96	1
88	14	1
88	15	1
88	32	1
88	38	1
88	37	1
88	36	1
88	95	1
88	90	1
88	91	1
88	53	1
88	93	1
88	27	1
88	30	1
88	29	1
88	71	1
88	50	1
88	57	1
88	98	1
88	97	1
88	49	1
88	114	1
88	77	1
88	78	1
88	51	1
88	76	1
88	79	1
88	80	1
88	81	1
88	82	1
88	75	1
88	118	1
88	116	1
88	117	1
88	115	1
88	119	1
88	46	1
88	45	1
88	43	1
88	106	1
88	107	1
88	74	1
88	108	1
88	73	1
88	54	1
88	33	1
88	103	1
88	113	1
88	19	1
88	20	1
88	16	1
88	17	1
88	21	1
88	68	1
88	72	1
88	61	1
88	40	1
88	42	1
88	41	1
88	39	1
88	6	1
88	5	1
88	3	1
88	4	1
88	84	1
88	112	1
88	109	1
88	110	1
87	86	1
87	9	1
87	11	1
87	25	1
87	12	1
87	24	1
87	23	1
87	66	1
87	58	1
87	59	1
87	56	1
87	96	1
87	14	1
87	15	1
87	32	1
87	38	1
87	37	1
87	36	1
87	95	1
87	90	1
87	91	1
87	53	1
87	93	1
87	27	1
87	30	1
87	29	1
87	71	1
87	50	1
87	57	1
87	98	1
87	97	1
87	49	1
87	114	1
87	77	1
87	78	1
87	51	1
87	76	1
87	79	1
87	80	1
87	81	1
87	82	1
87	75	1
87	118	1
87	116	1
87	117	1
87	115	1
87	119	1
87	46	1
87	45	1
87	43	1
87	106	1
87	107	1
87	74	1
87	108	1
87	73	1
87	54	1
87	33	1
87	103	1
87	113	1
87	19	1
87	20	1
87	16	1
87	17	1
87	21	1
87	68	1
87	72	1
87	61	1
87	40	1
87	42	1
87	41	1
87	39	1
87	6	1
87	5	1
87	3	1
87	4	1
87	84	1
87	112	1
87	109	1
87	110	1
86	9	1
86	11	1
86	25	1
86	12	1
86	24	1
86	23	1
86	66	1
86	58	1
86	59	1
86	56	1
86	96	1
86	14	1
86	15	1
86	32	1
86	38	1
86	37	1
86	36	1
86	95	1
86	90	1
86	91	1
86	53	1
86	93	1
86	27	1
86	30	1
86	29	1
86	71	1
86	50	1
86	57	1
86	98	1
86	97	1
86	49	1
86	114	1
86	77	1
86	78	1
86	51	1
86	76	1
86	79	1
86	80	1
86	81	1
86	82	1
86	75	1
86	118	1
86	116	1
86	117	1
86	115	1
86	119	1
86	46	1
86	45	1
86	43	1
86	106	1
86	107	1
86	74	1
86	108	1
86	73	1
86	54	1
86	33	1
86	103	1
86	113	1
86	19	1
86	20	1
86	16	1
86	17	1
86	21	1
86	68	1
86	72	1
86	61	1
86	40	1
86	42	1
86	41	1
86	39	1
86	6	1
86	5	1
86	3	1
86	4	1
86	84	1
86	112	1
86	109	1
86	110	1
9	11	1
9	25	1
9	12	1
9	24	1
9	23	1
9	66	1
9	58	1
9	59	1
9	56	1
9	96	1
9	14	1
9	15	1
9	32	1
9	38	1
9	37	1
9	36	1
9	95	1
9	90	1
9	91	1
9	53	1
9	93	1
9	27	1
9	30	1
9	29	1
9	71	1
9	50	1
9	57	1
9	98	1
9	97	1
9	49	1
9	114	1
9	77	1
9	78	1
9	51	1
9	76	1
9	79	1
9	80	1
9	81	1
9	82	1
9	75	1
9	118	1
9	116	1
9	117	1
9	115	1
9	119	1
9	46	1
9	45	1
9	43	1
9	106	1
9	107	1
9	74	1
9	108	1
9	73	1
9	54	1
9	33	1
9	103	1
9	113	1
9	19	1
9	20	1
9	16	1
9	17	1
9	21	1
9	68	1
9	72	1
9	61	1
9	40	1
9	42	1
9	41	1
9	39	1
9	6	1
9	5	1
9	3	1
9	4	1
9	84	1
9	112	1
9	109	1
9	110	1
11	25	1
11	12	1
11	24	1
11	23	1
11	66	1
11	58	1
11	59	1
11	56	1
11	96	1
11	14	1
11	15	1
11	32	1
11	38	1
11	37	1
11	36	1
11	95	1
11	90	1
11	91	1
11	53	1
11	93	1
11	27	1
11	30	1
11	29	1
11	71	1
11	50	1
11	57	1
11	98	1
11	97	1
11	49	1
11	114	1
11	77	1
11	78	1
11	51	1
11	76	1
11	79	1
11	80	1
11	81	1
11	82	1
11	75	1
11	118	1
11	116	1
11	117	1
11	115	1
11	119	1
11	46	1
11	45	1
11	43	1
11	106	1
11	107	1
11	74	1
11	108	1
11	73	1
11	54	1
11	33	1
11	103	1
11	113	1
11	19	1
11	20	1
11	16	1
11	17	1
11	21	1
11	68	1
11	72	1
11	61	1
11	40	1
11	42	1
11	41	1
11	39	1
11	6	1
11	5	1
11	3	1
11	4	1
11	84	1
11	112	1
11	109	1
11	110	1
25	12	1
25	24	1
25	23	1
25	66	1
25	58	1
25	59	1
25	56	1
25	96	1
25	14	1
25	15	1
25	32	1
25	38	1
25	37	1
25	36	1
25	95	1
25	90	1
25	91	1
25	53	1
25	93	1
25	27	1
25	30	1
25	29	1
25	71	1
25	50	1
25	57	1
25	98	1
25	97	1
25	49	1
25	114	1
25	77	1
25	78	1
25	51	1
25	76	1
25	79	1
25	80	1
25	81	1
25	82	1
25	75	1
25	118	1
25	116	1
25	117	1
25	115	1
25	119	1
25	46	1
25	45	1
25	43	1
25	106	1
25	107	1
25	74	1
25	108	1
25	73	1
25	54	1
25	33	1
25	103	1
25	113	1
25	19	1
25	20	1
25	16	1
25	17	1
25	21	1
25	68	1
25	72	1
25	61	1
25	40	1
25	42	1
25	41	1
25	39	1
25	6	1
25	5	1
25	3	1
25	4	1
25	84	1
25	112	1
25	109	1
25	110	1
12	24	1
12	23	1
12	66	1
12	58	1
12	59	1
12	56	1
12	96	1
12	14	1
12	15	1
12	32	1
12	38	1
12	37	1
12	36	1
12	95	1
12	90	1
12	91	1
12	53	1
12	93	1
12	27	1
12	30	1
12	29	1
12	71	1
12	50	1
12	57	1
12	98	1
12	97	1
12	49	1
12	114	1
12	77	1
12	78	1
12	51	1
12	76	1
12	79	1
12	80	1
12	81	1
12	82	1
12	75	1
12	118	1
12	116	1
12	117	1
12	115	1
12	119	1
12	46	1
12	45	1
12	43	1
12	106	1
12	107	1
12	74	1
12	108	1
12	73	1
12	54	1
12	33	1
12	103	1
12	113	1
12	19	1
12	20	1
12	16	1
12	17	1
12	21	1
12	68	1
12	72	1
12	61	1
12	40	1
12	42	1
12	41	1
12	39	1
12	6	1
12	5	1
12	3	1
12	4	1
12	84	1
12	112	1
12	109	1
12	110	1
24	23	1
24	66	1
24	58	1
24	59	1
24	56	1
24	96	1
24	14	1
24	15	1
24	32	1
24	38	1
24	37	1
24	36	1
24	95	1
24	90	1
24	91	1
24	53	1
24	93	1
24	27	1
24	30	1
24	29	1
24	71	1
24	50	1
24	57	1
24	98	1
24	97	1
24	49	1
24	114	1
24	77	1
24	78	1
24	51	1
24	76	1
24	79	1
24	80	1
24	81	1
24	82	1
24	75	1
24	118	1
24	116	1
24	117	1
24	115	1
24	119	1
24	46	1
24	45	1
24	43	1
24	106	1
24	107	1
24	74	1
24	108	1
24	73	1
24	54	1
24	33	1
24	103	1
24	113	1
24	19	1
24	20	1
24	16	1
24	17	1
24	21	1
24	68	1
24	72	1
24	61	1
24	40	1
24	42	1
24	41	1
24	39	1
24	6	1
24	5	1
24	3	1
24	4	1
24	84	1
24	112	1
24	109	1
24	110	1
23	66	1
23	58	1
23	59	1
23	56	1
23	96	1
23	14	1
23	15	1
23	32	1
23	38	1
23	37	1
23	36	1
23	95	1
23	90	1
23	91	1
23	53	1
23	93	1
23	27	1
23	30	1
23	29	1
23	71	1
23	50	1
23	57	1
23	98	1
23	97	1
23	49	1
23	114	1
23	77	1
23	78	1
23	51	1
23	76	1
23	79	1
23	80	1
23	81	1
23	82	1
23	75	1
23	118	1
23	116	1
23	117	1
23	115	1
23	119	1
23	46	1
23	45	1
23	43	1
23	106	1
23	107	1
23	74	1
23	108	1
23	73	1
23	54	1
23	33	1
23	103	1
23	113	1
23	19	1
23	20	1
23	16	1
23	17	1
23	21	1
23	68	1
23	72	1
23	61	1
23	40	1
23	42	1
23	41	1
23	39	1
23	6	1
23	5	1
23	3	1
23	4	1
23	84	1
23	112	1
23	109	1
23	110	1
66	58	1
66	59	1
66	56	1
66	96	1
66	14	1
66	15	1
66	32	1
66	38	1
66	37	1
66	36	1
66	95	1
66	90	1
66	91	1
66	53	1
66	93	1
66	27	1
66	30	1
66	29	1
66	71	1
66	50	1
66	57	1
66	98	1
66	97	1
66	49	1
66	114	1
66	77	1
66	78	1
66	51	1
66	76	1
66	79	1
66	80	1
66	81	1
66	82	1
66	75	1
66	118	1
66	116	1
66	117	1
66	115	1
66	119	1
66	46	1
66	45	1
66	43	1
66	106	1
66	107	1
66	74	1
66	108	1
66	73	1
66	54	1
66	33	1
66	103	1
66	113	1
66	19	1
66	20	1
66	16	1
66	17	1
66	21	1
66	68	1
66	72	1
66	61	1
66	40	1
66	42	1
66	41	1
66	39	1
66	6	1
66	5	1
66	3	1
66	4	1
66	84	1
66	112	1
66	109	1
66	110	1
58	59	1
58	56	1
58	96	1
58	14	1
58	15	1
58	32	1
58	38	1
58	37	1
58	36	1
58	95	1
58	90	1
58	91	1
58	53	1
58	93	1
58	27	1
58	30	1
58	29	1
58	71	1
58	50	1
58	57	1
58	98	1
58	97	1
58	49	1
58	114	1
58	77	1
58	78	1
58	51	1
58	76	1
58	79	1
58	80	1
58	81	1
58	82	1
58	75	1
58	118	1
58	116	1
58	117	1
58	115	1
58	119	1
58	46	1
58	45	1
58	43	1
58	106	1
58	107	1
58	74	1
58	108	1
58	73	1
58	54	1
58	33	1
58	103	1
58	113	1
58	19	1
58	20	1
58	16	1
58	17	1
58	21	1
58	68	1
58	72	1
58	61	1
58	40	1
58	42	1
58	41	1
58	39	1
58	6	1
58	5	1
58	3	1
58	4	1
58	84	1
58	112	1
58	109	1
58	110	1
59	56	1
59	96	1
59	14	1
59	15	1
59	32	1
59	38	1
59	37	1
59	36	1
59	95	1
59	90	1
59	91	1
59	53	1
59	93	1
59	27	1
59	30	1
59	29	1
59	71	1
59	50	1
59	57	1
59	98	1
59	97	1
59	49	1
59	114	1
59	77	1
59	78	1
59	51	1
59	76	1
59	79	1
59	80	1
59	81	1
59	82	1
59	75	1
59	118	1
59	116	1
59	117	1
59	115	1
59	119	1
59	46	1
59	45	1
59	43	1
59	106	1
59	107	1
59	74	1
59	108	1
59	73	1
59	54	1
59	33	1
59	103	1
59	113	1
59	19	1
59	20	1
59	16	1
59	17	1
59	21	1
59	68	1
59	72	1
59	61	1
59	40	1
59	42	1
59	41	1
59	39	1
59	6	1
59	5	1
59	3	1
59	4	1
59	84	1
59	112	1
59	109	1
59	110	1
56	96	1
56	14	1
56	15	1
56	32	1
56	38	1
56	37	1
56	36	1
56	95	1
56	90	1
56	91	1
56	53	1
56	93	1
56	27	1
56	30	1
56	29	1
56	71	1
56	50	1
56	57	1
56	98	1
56	97	1
56	49	1
56	114	1
56	77	1
56	78	1
56	51	1
56	76	1
56	79	1
56	80	1
56	81	1
56	82	1
56	75	1
56	118	1
56	116	1
56	117	1
56	115	1
56	119	1
56	46	1
56	45	1
56	43	1
56	106	1
56	107	1
56	74	1
56	108	1
56	73	1
56	54	1
56	33	1
56	103	1
56	113	1
56	19	1
56	20	1
56	16	1
56	17	1
56	21	1
56	68	1
56	72	1
56	61	1
56	40	1
56	42	1
56	41	1
56	39	1
56	6	1
56	5	1
56	3	1
56	4	1
56	84	1
56	112	1
56	109	1
56	110	1
96	14	1
96	15	1
96	32	1
96	38	1
96	37	1
96	36	1
96	95	1
96	90	1
96	91	1
96	53	1
96	93	1
96	27	1
96	30	1
96	29	1
96	71	1
96	50	1
96	57	1
96	98	1
96	97	1
96	49	1
96	114	1
96	77	1
96	78	1
96	51	1
96	76	1
96	79	1
96	80	1
96	81	1
96	82	1
96	75	1
96	118	1
96	116	1
96	117	1
96	115	1
96	119	1
96	46	1
96	45	1
96	43	1
96	106	1
96	107	1
96	74	1
96	108	1
96	73	1
96	54	1
96	33	1
96	103	1
96	113	1
96	19	1
96	20	1
96	16	1
96	17	1
96	21	1
96	68	1
96	72	1
96	61	1
96	40	1
96	42	1
96	41	1
96	39	1
96	6	1
96	5	1
96	3	1
96	4	1
96	84	1
96	112	1
96	109	1
96	110	1
14	15	1
14	32	1
14	38	1
14	37	1
14	36	1
14	95	1
14	90	1
14	91	1
14	53	1
14	93	1
14	27	1
14	30	1
14	29	1
14	71	1
14	50	1
14	57	1
14	98	1
14	97	1
14	49	1
14	114	1
14	77	1
14	78	1
14	51	1
14	76	1
14	79	1
14	80	1
14	81	1
14	82	1
14	75	1
14	118	1
14	116	1
14	117	1
14	115	1
14	119	1
14	46	1
14	45	1
14	43	1
14	106	1
14	107	1
14	74	1
14	108	1
14	73	1
14	54	1
14	33	1
14	103	1
14	113	1
14	19	1
14	20	1
14	16	1
14	17	1
14	21	1
14	68	1
14	72	1
14	61	1
14	40	1
14	42	1
14	41	1
14	39	1
14	6	1
14	5	1
14	3	1
14	4	1
14	84	1
14	112	1
14	109	1
14	110	1
15	32	1
15	38	1
15	37	1
15	36	1
15	95	1
15	90	1
15	91	1
15	53	1
15	93	1
15	27	1
15	30	1
15	29	1
15	71	1
15	50	1
15	57	1
15	98	1
15	97	1
15	49	1
15	114	1
15	77	1
15	78	1
15	51	1
15	76	1
15	79	1
15	80	1
15	81	1
15	82	1
15	75	1
15	118	1
15	116	1
15	117	1
15	115	1
15	119	1
15	46	1
15	45	1
15	43	1
15	106	1
15	107	1
15	74	1
15	108	1
15	73	1
15	54	1
15	33	1
15	103	1
15	113	1
15	19	1
15	20	1
15	16	1
15	17	1
15	21	1
15	68	1
15	72	1
15	61	1
15	40	1
15	42	1
15	41	1
15	39	1
15	6	1
15	5	1
15	3	1
15	4	1
15	84	1
15	112	1
15	109	1
15	110	1
32	38	1
32	37	1
32	36	1
32	95	1
32	90	1
32	91	1
32	53	1
32	93	1
32	27	1
32	30	1
32	29	1
32	71	1
32	50	1
32	57	1
32	98	1
32	97	1
32	49	1
32	114	1
32	77	1
32	78	1
32	51	1
32	76	1
32	79	1
32	80	1
32	81	1
32	82	1
32	75	1
32	118	1
32	116	1
32	117	1
32	115	1
32	119	1
32	46	1
32	45	1
32	43	1
32	106	1
32	107	1
32	74	1
32	108	1
32	73	1
32	54	1
32	33	1
32	103	1
32	113	1
32	19	1
32	20	1
32	16	1
32	17	1
32	21	1
32	68	1
32	72	1
32	61	1
32	40	1
32	42	1
32	41	1
32	39	1
32	6	1
32	5	1
32	3	1
32	4	1
32	84	1
32	112	1
32	109	1
32	110	1
38	37	1
38	36	1
38	95	1
38	90	1
38	91	1
38	53	1
38	93	1
38	27	1
38	30	1
38	29	1
38	71	1
38	50	1
38	57	1
38	98	1
38	97	1
38	49	1
38	114	1
38	77	1
38	78	1
38	51	1
38	76	1
38	79	1
38	80	1
38	81	1
38	82	1
38	75	1
38	118	1
38	116	1
38	117	1
38	115	1
38	119	1
38	46	1
38	45	1
38	43	1
38	106	1
38	107	1
38	74	1
38	108	1
38	73	1
38	54	1
38	33	1
38	103	1
38	113	1
38	19	1
38	20	1
38	16	1
38	17	1
38	21	1
38	68	1
38	72	1
38	61	1
38	40	1
38	42	1
38	41	1
38	39	1
38	6	1
38	5	1
38	3	1
38	4	1
38	84	1
38	112	1
38	109	1
38	110	1
37	36	1
37	95	1
37	90	1
37	91	1
37	53	1
37	93	1
37	27	1
37	30	1
37	29	1
37	71	1
37	50	1
37	57	1
37	98	1
37	97	1
37	49	1
37	114	1
37	77	1
37	78	1
37	51	1
37	76	1
37	79	1
37	80	1
37	81	1
37	82	1
37	75	1
37	118	1
37	116	1
37	117	1
37	115	1
37	119	1
37	46	1
37	45	1
37	43	1
37	106	1
37	107	1
37	74	1
37	108	1
37	73	1
37	54	1
37	33	1
37	103	1
37	113	1
37	19	1
37	20	1
37	16	1
37	17	1
37	21	1
37	68	1
37	72	1
37	61	1
37	40	1
37	42	1
37	41	1
37	39	1
37	6	1
37	5	1
37	3	1
37	4	1
37	84	1
37	112	1
37	109	1
37	110	1
36	95	1
36	90	1
36	91	1
36	53	1
36	93	1
36	27	1
36	30	1
36	29	1
36	71	1
36	50	1
36	57	1
36	98	1
36	97	1
36	49	1
36	114	1
36	77	1
36	78	1
36	51	1
36	76	1
36	79	1
36	80	1
36	81	1
36	82	1
36	75	1
36	118	1
36	116	1
36	117	1
36	115	1
36	119	1
36	46	1
36	45	1
36	43	1
36	106	1
36	107	1
36	74	1
36	108	1
36	73	1
36	54	1
36	33	1
36	103	1
36	113	1
36	19	1
36	20	1
36	16	1
36	17	1
36	21	1
36	68	1
36	72	1
36	61	1
36	40	1
36	42	1
36	41	1
36	39	1
36	6	1
36	5	1
36	3	1
36	4	1
36	84	1
36	112	1
36	109	1
36	110	1
95	90	1
95	91	1
95	53	1
95	93	1
95	27	1
95	30	1
95	29	1
95	71	1
95	50	1
95	57	1
95	98	1
95	97	1
95	49	1
95	114	1
95	77	1
95	78	1
95	51	1
95	76	1
95	79	1
95	80	1
95	81	1
95	82	1
95	75	1
95	118	1
95	116	1
95	117	1
95	115	1
95	119	1
95	46	1
95	45	1
95	43	1
95	106	1
95	107	1
95	74	1
95	108	1
95	73	1
95	54	1
95	33	1
95	103	1
95	113	1
95	19	1
95	20	1
95	16	1
95	17	1
95	21	1
95	68	1
95	72	1
95	61	1
95	40	1
95	42	1
95	41	1
95	39	1
95	6	1
95	5	1
95	3	1
95	4	1
95	84	1
95	112	1
95	109	1
95	110	1
90	91	1
90	53	1
90	93	1
90	27	1
90	30	1
90	29	1
90	71	1
90	50	1
90	57	1
90	98	1
90	97	1
90	49	1
90	114	1
90	77	1
90	78	1
90	51	1
90	76	1
90	79	1
90	80	1
90	81	1
90	82	1
90	75	1
90	118	1
90	116	1
90	117	1
90	115	1
90	119	1
90	46	1
90	45	1
90	43	1
90	106	1
90	107	1
90	74	1
90	108	1
90	73	1
90	54	1
90	33	1
90	103	1
90	113	1
90	19	1
90	20	1
90	16	1
90	17	1
90	21	1
90	68	1
90	72	1
90	61	1
90	40	1
90	42	1
90	41	1
90	39	1
90	6	1
90	5	1
90	3	1
90	4	1
90	84	1
90	112	1
90	109	1
90	110	1
91	53	1
91	93	1
91	27	1
91	30	1
91	29	1
91	71	1
91	50	1
91	57	1
91	98	1
91	97	1
91	49	1
91	114	1
91	77	1
91	78	1
91	51	1
91	76	1
91	79	1
91	80	1
91	81	1
91	82	1
91	75	1
91	118	1
91	116	1
91	117	1
91	115	1
91	119	1
91	46	1
91	45	1
91	43	1
91	106	1
91	107	1
91	74	1
91	108	1
91	73	1
91	54	1
91	33	1
91	103	1
91	113	1
91	19	1
91	20	1
91	16	1
91	17	1
91	21	1
91	68	1
91	72	1
91	61	1
91	40	1
91	42	1
91	41	1
91	39	1
91	6	1
91	5	1
91	3	1
91	4	1
91	84	1
91	112	1
91	109	1
91	110	1
53	93	1
53	27	1
53	30	1
53	29	1
53	71	1
53	50	1
53	57	1
53	98	1
53	97	1
53	49	1
53	114	1
53	77	1
53	78	1
53	51	1
53	76	1
53	79	1
53	80	1
53	81	1
53	82	1
53	75	1
53	118	1
53	116	1
53	117	1
53	115	1
53	119	1
53	46	1
53	45	1
53	43	1
53	106	1
53	107	1
53	74	1
53	108	1
53	73	1
53	54	1
53	33	1
53	103	1
53	113	1
53	19	1
53	20	1
53	16	1
53	17	1
53	21	1
53	68	1
53	72	1
53	61	1
53	40	1
53	42	1
53	41	1
53	39	1
53	6	1
53	5	1
53	3	1
53	4	1
53	84	1
53	112	1
53	109	1
53	110	1
93	27	1
93	30	1
93	29	1
93	71	1
93	50	1
93	57	1
93	98	1
93	97	1
93	49	1
93	114	1
93	77	1
93	78	1
93	51	1
93	76	1
93	79	1
93	80	1
93	81	1
93	82	1
93	75	1
93	118	1
93	116	1
93	117	1
93	115	1
93	119	1
93	46	1
93	45	1
93	43	1
93	106	1
93	107	1
93	74	1
93	108	1
93	73	1
93	54	1
93	33	1
93	103	1
93	113	1
93	19	1
93	20	1
93	16	1
93	17	1
93	21	1
93	68	1
93	72	1
93	61	1
93	40	1
93	42	1
93	41	1
93	39	1
93	6	1
93	5	1
93	3	1
93	4	1
93	84	1
93	112	1
93	109	1
93	110	1
27	30	1
27	29	1
27	71	1
27	50	1
27	57	1
27	98	1
27	97	1
27	49	1
27	114	1
27	77	1
27	78	1
27	51	1
27	76	1
27	79	1
27	80	1
27	81	1
27	82	1
27	75	1
27	118	1
27	116	1
27	117	1
27	115	1
27	119	1
27	46	1
27	45	1
27	43	1
27	106	1
27	107	1
27	74	1
27	108	1
27	73	1
27	54	1
27	33	1
27	103	1
27	113	1
27	19	1
27	20	1
27	16	1
27	17	1
27	21	1
27	68	1
27	72	1
27	61	1
27	40	1
27	42	1
27	41	1
27	39	1
27	6	1
27	5	1
27	3	1
27	4	1
27	84	1
27	112	1
27	109	1
27	110	1
30	29	1
30	71	1
30	50	1
30	57	1
30	98	1
30	97	1
30	49	1
30	114	1
30	77	1
30	78	1
30	51	1
30	76	1
30	79	1
30	80	1
30	81	1
30	82	1
30	75	1
30	118	1
30	116	1
30	117	1
30	115	1
30	119	1
30	46	1
30	45	1
30	43	1
30	106	1
30	107	1
30	74	1
30	108	1
30	73	1
30	54	1
30	33	1
30	103	1
30	113	1
30	19	1
30	20	1
30	16	1
30	17	1
30	21	1
30	68	1
30	72	1
30	61	1
30	40	1
30	42	1
30	41	1
30	39	1
30	6	1
30	5	1
30	3	1
30	4	1
30	84	1
30	112	1
30	109	1
30	110	1
29	71	1
29	50	1
29	57	1
29	98	1
29	97	1
29	49	1
29	114	1
29	77	1
29	78	1
29	51	1
29	76	1
29	79	1
29	80	1
29	81	1
29	82	1
29	75	1
29	118	1
29	116	1
29	117	1
29	115	1
29	119	1
29	46	1
29	45	1
29	43	1
29	106	1
29	107	1
29	74	1
29	108	1
29	73	1
29	54	1
29	33	1
29	103	1
29	113	1
29	19	1
29	20	1
29	16	1
29	17	1
29	21	1
29	68	1
29	72	1
29	61	1
29	40	1
29	42	1
29	41	1
29	39	1
29	6	1
29	5	1
29	3	1
29	4	1
29	84	1
29	112	1
29	109	1
29	110	1
71	50	1
71	57	1
71	98	1
71	97	1
71	49	1
71	114	1
71	77	1
71	78	1
71	51	1
71	76	1
71	79	1
71	80	1
71	81	1
71	82	1
71	75	1
71	118	1
71	116	1
71	117	1
71	115	1
71	119	1
71	46	1
71	45	1
71	43	1
71	106	1
71	107	1
71	74	1
71	108	1
71	73	1
71	54	1
71	33	1
71	103	1
71	113	1
71	19	1
71	20	1
71	16	1
71	17	1
71	21	1
71	68	1
71	72	1
71	61	1
71	40	1
71	42	1
71	41	1
71	39	1
71	6	1
71	5	1
71	3	1
71	4	1
71	84	1
71	112	1
71	109	1
71	110	1
50	57	1
50	98	1
50	97	1
50	49	1
50	114	1
50	77	1
50	78	1
50	51	1
50	76	1
50	79	1
50	80	1
50	81	1
50	82	1
50	75	1
50	118	1
50	116	1
50	117	1
50	115	1
50	119	1
50	46	1
50	45	1
50	43	1
50	106	1
50	107	1
50	74	1
50	108	1
50	73	1
50	54	1
50	33	1
50	103	1
50	113	1
50	19	1
50	20	1
50	16	1
50	17	1
50	21	1
50	68	1
50	72	1
50	61	1
50	40	1
50	42	1
50	41	1
50	39	1
50	6	1
50	5	1
50	3	1
50	4	1
50	84	1
50	112	1
50	109	1
50	110	1
57	98	1
57	97	1
57	49	1
57	114	1
57	77	1
57	78	1
57	51	1
57	76	1
57	79	1
57	80	1
57	81	1
57	82	1
57	75	1
57	118	1
57	116	1
57	117	1
57	115	1
57	119	1
57	46	1
57	45	1
57	43	1
57	106	1
57	107	1
57	74	1
57	108	1
57	73	1
57	54	1
57	33	1
57	103	1
57	113	1
57	19	1
57	20	1
57	16	1
57	17	1
57	21	1
57	68	1
57	72	1
57	61	1
57	40	1
57	42	1
57	41	1
57	39	1
57	6	1
57	5	1
57	3	1
57	4	1
57	84	1
57	112	1
57	109	1
57	110	1
98	97	1
98	49	1
98	114	1
98	77	1
98	78	1
98	51	1
98	76	1
98	79	1
98	80	1
98	81	1
98	82	1
98	75	1
98	118	1
98	116	1
98	117	1
98	115	1
98	119	1
98	46	1
98	45	1
98	43	1
98	106	1
98	107	1
98	74	1
98	108	1
98	73	1
98	54	1
98	33	1
98	103	1
98	113	1
98	19	1
98	20	1
98	16	1
98	17	1
98	21	1
98	68	1
98	72	1
98	61	1
98	40	1
98	42	1
98	41	1
98	39	1
98	6	1
98	5	1
98	3	1
98	4	1
98	84	1
98	112	1
98	109	1
98	110	1
97	49	1
97	114	1
97	77	1
97	78	1
97	51	1
97	76	1
97	79	1
97	80	1
97	81	1
97	82	1
97	75	1
97	118	1
97	116	1
97	117	1
97	115	1
97	119	1
97	46	1
97	45	1
97	43	1
97	106	1
97	107	1
97	74	1
97	108	1
97	73	1
97	54	1
97	33	1
97	103	1
97	113	1
97	19	1
97	20	1
97	16	1
97	17	1
97	21	1
97	68	1
97	72	1
97	61	1
97	40	1
97	42	1
97	41	1
97	39	1
97	6	1
97	5	1
97	3	1
97	4	1
97	84	1
97	112	1
97	109	1
97	110	1
49	114	1
49	77	1
49	78	1
49	51	1
49	76	1
49	79	1
49	80	1
49	81	1
49	82	1
49	75	1
49	118	1
49	116	1
49	117	1
49	115	1
49	119	1
49	46	1
49	45	1
49	43	1
49	106	1
49	107	1
49	74	1
49	108	1
49	73	1
49	54	1
49	33	1
49	103	1
49	113	1
49	19	1
49	20	1
49	16	1
49	17	1
49	21	1
49	68	1
49	72	1
49	61	1
49	40	1
49	42	1
49	41	1
49	39	1
49	6	1
49	5	1
49	3	1
49	4	1
49	84	1
49	112	1
49	109	1
49	110	1
114	77	1
114	78	1
114	51	1
114	76	1
114	79	1
114	80	1
114	81	1
114	82	1
114	75	1
114	118	1
114	116	1
114	117	1
114	115	1
114	119	1
114	46	1
114	45	1
114	43	1
114	106	1
114	107	1
114	74	1
114	108	1
114	73	1
114	54	1
114	33	1
114	103	1
114	113	1
114	19	1
114	20	1
114	16	1
114	17	1
114	21	1
114	68	1
114	72	1
114	61	1
114	40	1
114	42	1
114	41	1
114	39	1
114	6	1
114	5	1
114	3	1
114	4	1
114	84	1
114	112	1
114	109	1
114	110	1
77	78	1
77	51	1
77	76	1
77	79	1
77	80	1
77	81	1
77	82	1
77	75	1
77	118	1
77	116	1
77	117	1
77	115	1
77	119	1
77	46	1
77	45	1
77	43	1
77	106	1
77	107	1
77	74	1
77	108	1
77	73	1
77	54	1
77	33	1
77	103	1
77	113	1
77	19	1
77	20	1
77	16	1
77	17	1
77	21	1
77	68	1
77	72	1
77	61	1
77	40	1
77	42	1
77	41	1
77	39	1
77	6	1
77	5	1
77	3	1
77	4	1
77	84	1
77	112	1
77	109	1
77	110	1
78	51	1
78	76	1
78	79	1
78	80	1
78	81	1
78	82	1
78	75	1
78	118	1
78	116	1
78	117	1
78	115	1
78	119	1
78	46	1
78	45	1
78	43	1
78	106	1
78	107	1
78	74	1
78	108	1
78	73	1
78	54	1
78	33	1
78	103	1
78	113	1
78	19	1
78	20	1
78	16	1
78	17	1
78	21	1
78	68	1
78	72	1
78	61	1
78	40	1
78	42	1
78	41	1
78	39	1
78	6	1
78	5	1
78	3	1
78	4	1
78	84	1
78	112	1
78	109	1
78	110	1
51	76	1
51	79	1
51	80	1
51	81	1
51	82	1
51	75	1
51	118	1
51	116	1
51	117	1
51	115	1
51	119	1
51	46	1
51	45	1
51	43	1
51	106	1
51	107	1
51	74	1
51	108	1
51	73	1
51	54	1
51	33	1
51	103	1
51	113	1
51	19	1
51	20	1
51	16	1
51	17	1
51	21	1
51	68	1
51	72	1
51	61	1
51	40	1
51	42	1
51	41	1
51	39	1
51	6	1
51	5	1
51	3	1
51	4	1
51	84	1
51	112	1
51	109	1
51	110	1
76	79	1
76	80	1
76	81	1
76	82	1
76	75	1
76	118	1
76	116	1
76	117	1
76	115	1
76	119	1
76	46	1
76	45	1
76	43	1
76	106	1
76	107	1
76	74	1
76	108	1
76	73	1
76	54	1
76	33	1
76	103	1
76	113	1
76	19	1
76	20	1
76	16	1
76	17	1
76	21	1
76	68	1
76	72	1
76	61	1
76	40	1
76	42	1
76	41	1
76	39	1
76	6	1
76	5	1
76	3	1
76	4	1
76	84	1
76	112	1
76	109	1
76	110	1
79	80	1
79	81	1
79	82	1
79	75	1
79	118	1
79	116	1
79	117	1
79	115	1
79	119	1
79	46	1
79	45	1
79	43	1
79	106	1
79	107	1
79	74	1
79	108	1
79	73	1
79	54	1
79	33	1
79	103	1
79	113	1
79	19	1
79	20	1
79	16	1
79	17	1
79	21	1
79	68	1
79	72	1
79	61	1
79	40	1
79	42	1
79	41	1
79	39	1
79	6	1
79	5	1
79	3	1
79	4	1
79	84	1
79	112	1
79	109	1
79	110	1
80	81	1
80	82	1
80	75	1
80	118	1
80	116	1
80	117	1
80	115	1
80	119	1
80	46	1
80	45	1
80	43	1
80	106	1
80	107	1
80	74	1
80	108	1
80	73	1
80	54	1
80	33	1
80	103	1
80	113	1
80	19	1
80	20	1
80	16	1
80	17	1
80	21	1
80	68	1
80	72	1
80	61	1
80	40	1
80	42	1
80	41	1
80	39	1
80	6	1
80	5	1
80	3	1
80	4	1
80	84	1
80	112	1
80	109	1
80	110	1
81	82	1
81	75	1
81	118	1
81	116	1
81	117	1
81	115	1
81	119	1
81	46	1
81	45	1
81	43	1
81	106	1
81	107	1
81	74	1
81	108	1
81	73	1
81	54	1
81	33	1
81	103	1
81	113	1
81	19	1
81	20	1
81	16	1
81	17	1
81	21	1
81	68	1
81	72	1
81	61	1
81	40	1
81	42	1
81	41	1
81	39	1
81	6	1
81	5	1
81	3	1
81	4	1
81	84	1
81	112	1
81	109	1
81	110	1
82	75	1
82	118	1
82	116	1
82	117	1
82	115	1
82	119	1
82	46	1
82	45	1
82	43	1
82	106	1
82	107	1
82	74	1
82	108	1
82	73	1
82	54	1
82	33	1
82	103	1
82	113	1
82	19	1
82	20	1
82	16	1
82	17	1
82	21	1
82	68	1
82	72	1
82	61	1
82	40	1
82	42	1
82	41	1
82	39	1
82	6	1
82	5	1
82	3	1
82	4	1
82	84	1
82	112	1
82	109	1
82	110	1
75	118	1
75	116	1
75	117	1
75	115	1
75	119	1
75	46	1
75	45	1
75	43	1
75	106	1
75	107	1
75	74	1
75	108	1
75	73	1
75	54	1
75	33	1
75	103	1
75	113	1
75	19	1
75	20	1
75	16	1
75	17	1
75	21	1
75	68	1
75	72	1
75	61	1
75	40	1
75	42	1
75	41	1
75	39	1
75	6	1
75	5	1
75	3	1
75	4	1
75	84	1
75	112	1
75	109	1
75	110	1
118	116	1
118	117	1
118	115	1
118	119	1
118	46	1
118	45	1
118	43	1
118	106	1
118	107	1
118	74	1
118	108	1
118	73	1
118	54	1
118	33	1
118	103	1
118	113	1
118	19	1
118	20	1
118	16	1
118	17	1
118	21	1
118	68	1
118	72	1
118	61	1
118	40	1
118	42	1
118	41	1
118	39	1
118	6	1
118	5	1
118	3	1
118	4	1
118	84	1
118	112	1
118	109	1
118	110	1
116	117	1
116	115	1
116	119	1
116	46	1
116	45	1
116	43	1
116	106	1
116	107	1
116	74	1
116	108	1
116	73	1
116	54	1
116	33	1
116	103	1
116	113	1
116	19	1
116	20	1
116	16	1
116	17	1
116	21	1
116	68	1
116	72	1
116	61	1
116	40	1
116	42	1
116	41	1
116	39	1
116	6	1
116	5	1
116	3	1
116	4	1
116	84	1
116	112	1
116	109	1
116	110	1
117	115	1
117	119	1
117	46	1
117	45	1
117	43	1
117	106	1
117	107	1
117	74	1
117	108	1
117	73	1
117	54	1
117	33	1
117	103	1
117	113	1
117	19	1
117	20	1
117	16	1
117	17	1
117	21	1
117	68	1
117	72	1
117	61	1
117	40	1
117	42	1
117	41	1
117	39	1
117	6	1
117	5	1
117	3	1
117	4	1
117	84	1
117	112	1
117	109	1
117	110	1
115	119	1
115	46	1
115	45	1
115	43	1
115	106	1
115	107	1
115	74	1
115	108	1
115	73	1
115	54	1
115	33	1
115	103	1
115	113	1
115	19	1
115	20	1
115	16	1
115	17	1
115	21	1
115	68	1
115	72	1
115	61	1
115	40	1
115	42	1
115	41	1
115	39	1
115	6	1
115	5	1
115	3	1
115	4	1
115	84	1
115	112	1
115	109	1
115	110	1
119	46	1
119	45	1
119	43	1
119	106	1
119	107	1
119	74	1
119	108	1
119	73	1
119	54	1
119	33	1
119	103	1
119	113	1
119	19	1
119	20	1
119	16	1
119	17	1
119	21	1
119	68	1
119	72	1
119	61	1
119	40	1
119	42	1
119	41	1
119	39	1
119	6	1
119	5	1
119	3	1
119	4	1
119	84	1
119	112	1
119	109	1
119	110	1
46	45	1
46	43	1
46	106	1
46	107	1
46	74	1
46	108	1
46	73	1
46	54	1
46	33	1
46	103	1
46	113	1
46	19	1
46	20	1
46	16	1
46	17	1
46	21	1
46	68	1
46	72	1
46	61	1
46	40	1
46	42	1
46	41	1
46	39	1
46	6	1
46	5	1
46	3	1
46	4	1
46	84	1
46	112	1
46	109	1
46	110	1
45	43	1
45	106	1
45	107	1
45	74	1
45	108	1
45	73	1
45	54	1
45	33	1
45	103	1
45	113	1
45	19	1
45	20	1
45	16	1
45	17	1
45	21	1
45	68	1
45	72	1
45	61	1
45	40	1
45	42	1
45	41	1
45	39	1
45	6	1
45	5	1
45	3	1
45	4	1
45	84	1
45	112	1
45	109	1
45	110	1
43	106	1
43	107	1
43	74	1
43	108	1
43	73	1
43	54	1
43	33	1
43	103	1
43	113	1
43	19	1
43	20	1
43	16	1
43	17	1
43	21	1
43	68	1
43	72	1
43	61	1
43	40	1
43	42	1
43	41	1
43	39	1
43	6	1
43	5	1
43	3	1
43	4	1
43	84	1
43	112	1
43	109	1
43	110	1
106	107	1
106	74	1
106	108	1
106	73	1
106	54	1
106	33	1
106	103	1
106	113	1
106	19	1
106	20	1
106	16	1
106	17	1
106	21	1
106	68	1
106	72	1
106	61	1
106	40	1
106	42	1
106	41	1
106	39	1
106	6	1
106	5	1
106	3	1
106	4	1
106	84	1
106	112	1
106	109	1
106	110	1
107	74	1
107	108	1
107	73	1
107	54	1
107	33	1
107	103	1
107	113	1
107	19	1
107	20	1
107	16	1
107	17	1
107	21	1
107	68	1
107	72	1
107	61	1
107	40	1
107	42	1
107	41	1
107	39	1
107	6	1
107	5	1
107	3	1
107	4	1
107	84	1
107	112	1
107	109	1
107	110	1
74	108	1
74	73	1
74	54	1
74	33	1
74	103	1
74	113	1
74	19	1
74	20	1
74	16	1
74	17	1
74	21	1
74	68	1
74	72	1
74	61	1
74	40	1
74	42	1
74	41	1
74	39	1
74	6	1
74	5	1
74	3	1
74	4	1
74	84	1
74	112	1
74	109	1
74	110	1
108	73	1
108	54	1
108	33	1
108	103	1
108	113	1
108	19	1
108	20	1
108	16	1
108	17	1
108	21	1
108	68	1
108	72	1
108	61	1
108	40	1
108	42	1
108	41	1
108	39	1
108	6	1
108	5	1
108	3	1
108	4	1
108	84	1
108	112	1
108	109	1
108	110	1
73	54	1
73	33	1
73	103	1
73	113	1
73	19	1
73	20	1
73	16	1
73	17	1
73	21	1
73	68	1
73	72	1
73	61	1
73	40	1
73	42	1
73	41	1
73	39	1
73	6	1
73	5	1
73	3	1
73	4	1
73	84	1
73	112	1
73	109	1
73	110	1
54	33	1
54	103	1
54	113	1
54	19	1
54	20	1
54	16	1
54	17	1
54	21	1
54	68	1
54	72	1
54	61	1
54	40	1
54	42	1
54	41	1
54	39	1
54	6	1
54	5	1
54	3	1
54	4	1
54	84	1
54	112	1
54	109	1
54	110	1
33	103	1
33	113	1
33	19	1
33	20	1
33	16	1
33	17	1
33	21	1
33	68	1
33	72	1
33	61	1
33	40	1
33	42	1
33	41	1
33	39	1
33	6	1
33	5	1
33	3	1
33	4	1
33	84	1
33	112	1
33	109	1
33	110	1
103	113	1
103	19	1
103	20	1
103	16	1
103	17	1
103	21	1
103	68	1
103	72	1
103	61	1
103	40	1
103	42	1
103	41	1
103	39	1
103	6	1
103	5	1
103	3	1
103	4	1
103	84	1
103	112	1
103	109	1
103	110	1
113	19	1
113	20	1
113	16	1
113	17	1
113	21	1
113	68	1
113	72	1
113	61	1
113	40	1
113	42	1
113	41	1
113	39	1
113	6	1
113	5	1
113	3	1
113	4	1
113	84	1
113	112	1
113	109	1
113	110	1
19	20	1
19	16	1
19	17	1
19	21	1
19	68	1
19	72	1
19	61	1
19	40	1
19	42	1
19	41	1
19	39	1
19	6	1
19	5	1
19	3	1
19	4	1
19	84	1
19	112	1
19	109	1
19	110	1
20	16	1
20	17	1
20	21	1
20	68	1
20	72	1
20	61	1
20	40	1
20	42	1
20	41	1
20	39	1
20	6	1
20	5	1
20	3	1
20	4	1
20	84	1
20	112	1
20	109	1
20	110	1
16	17	1
16	21	1
16	68	1
16	72	1
16	61	1
16	40	1
16	42	1
16	41	1
16	39	1
16	6	1
16	5	1
16	3	1
16	4	1
16	84	1
16	112	1
16	109	1
16	110	1
17	21	1
17	68	1
17	72	1
17	61	1
17	40	1
17	42	1
17	41	1
17	39	1
17	6	1
17	5	1
17	3	1
17	4	1
17	84	1
17	112	1
17	109	1
17	110	1
21	68	1
21	72	1
21	61	1
21	40	1
21	42	1
21	41	1
21	39	1
21	6	1
21	5	1
21	3	1
21	4	1
21	84	1
21	112	1
21	109	1
21	110	1
68	72	1
68	61	1
68	40	1
68	42	1
68	41	1
68	39	1
68	6	1
68	5	1
68	3	1
68	4	1
68	84	1
68	112	1
68	109	1
68	110	1
72	61	1
72	40	1
72	42	1
72	41	1
72	39	1
72	6	1
72	5	1
72	3	1
72	4	1
72	84	1
72	112	1
72	109	1
72	110	1
61	40	1
61	42	1
61	41	1
61	39	1
61	6	1
61	5	1
61	3	1
61	4	1
61	84	1
61	112	1
61	109	1
61	110	1
40	42	1
40	41	1
40	39	1
40	6	1
40	5	1
40	3	1
40	4	1
40	84	1
40	112	1
40	109	1
40	110	1
42	41	1
42	39	1
42	6	1
42	5	1
42	3	1
42	4	1
42	84	1
42	112	1
42	109	1
42	110	1
41	39	1
41	6	1
41	5	1
41	3	1
41	4	1
41	84	1
41	112	1
41	109	1
41	110	1
39	6	1
39	5	1
39	3	1
39	4	1
39	84	1
39	112	1
39	109	1
39	110	1
6	5	1
6	3	1
6	4	1
6	84	1
6	112	1
6	109	1
6	110	1
5	3	1
5	4	1
5	84	1
5	112	1
5	109	1
5	110	1
3	4	1
3	84	1
3	112	1
3	109	1
3	110	1
4	84	1
4	112	1
4	109	1
4	110	1
84	112	1
84	109	1
84	110	1
112	109	1
112	110	1
109	110	1
