89	86	1
89	25	1
89	23	1
89	66	1
89	2	1
89	56	1
89	35	1
89	90	1
89	53	1
89	26	1
89	29	1
89	60	1
89	18	1
89	78	1
89	76	1
89	65	1
89	81	1
89	75	1
89	116	1
89	48	1
89	100	1
89	74	1
89	108	1
89	104	1
89	103	1
89	113	1
89	20	1
89	17	1
89	1	1
89	67	1
89	61	1
89	40	1
89	42	1
89	84	1
89	85	1
86	25	1
86	23	1
86	66	1
86	2	1
86	56	1
86	35	1
86	90	1
86	53	1
86	26	1
86	29	1
86	60	1
86	18	1
86	78	1
86	76	1
86	65	1
86	81	1
86	75	1
86	116	1
86	48	1
86	100	1
86	74	1
86	108	1
86	104	1
86	103	1
86	113	1
86	20	1
86	17	1
86	1	1
86	67	1
86	61	1
86	40	1
86	42	1
86	84	1
86	85	1
25	23	1
25	66	1
25	2	1
25	56	1
25	35	1
25	90	1
25	53	1
25	26	1
25	29	1
25	60	1
25	18	1
25	78	1
25	76	1
25	65	1
25	81	1
25	75	1
25	116	1
25	48	1
25	100	1
25	74	1
25	108	1
25	104	1
25	103	1
25	113	1
25	20	1
25	17	1
25	1	1
25	67	1
25	61	1
25	40	1
25	42	1
25	84	1
25	85	1
23	66	1
23	2	1
23	56	1
23	35	1
23	90	1
23	53	1
23	26	1
23	29	1
23	60	1
23	18	1
23	78	1
23	76	1
23	65	1
23	81	1
23	75	1
23	116	1
23	48	1
23	100	1
23	74	1
23	108	1
23	104	1
23	103	1
23	113	1
23	20	1
23	17	1
23	1	1
23	67	1
23	61	1
23	40	1
23	42	1
23	84	1
23	85	1
66	2	1
66	56	1
66	35	1
66	90	1
66	53	1
66	26	1
66	29	1
66	60	1
66	18	1
66	78	1
66	76	1
66	65	1
66	81	1
66	75	1
66	116	1
66	48	1
66	100	1
66	74	1
66	108	1
66	104	1
66	103	1
66	113	1
66	20	1
66	17	1
66	1	1
66	67	1
66	61	1
66	40	1
66	42	1
66	84	1
66	85	1
2	56	1
2	35	1
2	90	1
2	53	1
2	26	1
2	29	1
2	60	1
2	18	1
2	78	1
2	76	1
2	65	1
2	81	1
2	75	1
2	116	1
2	48	1
2	100	1
2	74	1
2	108	1
2	104	1
2	103	1
2	113	1
2	20	1
2	17	1
2	1	1
2	67	1
2	61	1
2	40	1
2	42	1
2	84	1
2	85	1
56	35	1
56	90	1
56	53	1
56	26	1
56	29	1
56	60	1
56	18	1
56	78	1
56	76	1
56	65	1
56	81	1
56	75	1
56	116	1
56	48	1
56	100	1
56	74	1
56	108	1
56	104	1
56	103	1
56	113	1
56	20	1
56	17	1
56	1	1
56	67	1
56	61	1
56	40	1
56	42	1
56	84	1
56	85	1
35	90	1
35	53	1
35	26	1
35	29	1
35	60	1
35	18	1
35	78	1
35	76	1
35	65	1
35	81	1
35	75	1
35	116	1
35	48	1
35	100	1
35	74	1
35	108	1
35	104	1
35	103	1
35	113	1
35	20	1
35	17	1
35	1	1
35	67	1
35	61	1
35	40	1
35	42	1
35	84	1
35	85	1
90	53	1
90	26	1
90	29	1
90	60	1
90	18	1
90	78	1
90	76	1
90	65	1
90	81	1
90	75	1
90	116	1
90	48	1
90	100	1
90	74	1
90	108	1
90	104	1
90	103	1
90	113	1
90	20	1
90	17	1
90	1	1
90	67	1
90	61	1
90	40	1
90	42	1
90	84	1
90	85	1
53	26	1
53	29	1
53	60	1
53	18	1
53	78	1
53	76	1
53	65	1
53	81	1
53	75	1
53	116	1
53	48	1
53	100	1
53	74	1
53	108	1
53	104	1
53	103	1
53	113	1
53	20	1
53	17	1
53	1	1
53	67	1
53	61	1
53	40	1
53	42	1
53	84	1
53	85	1
26	29	1
26	60	1
26	18	1
26	78	1
26	76	1
26	65	1
26	81	1
26	75	1
26	116	1
26	48	1
26	100	1
26	74	1
26	108	1
26	104	1
26	103	1
26	113	1
26	20	1
26	17	1
26	1	1
26	67	1
26	61	1
26	40	1
26	42	1
26	84	1
26	85	1
29	60	1
29	18	1
29	78	1
29	76	1
29	65	1
29	81	1
29	75	1
29	116	1
29	48	1
29	100	1
29	74	1
29	108	1
29	104	1
29	103	1
29	113	1
29	20	1
29	17	1
29	1	1
29	67	1
29	61	1
29	40	1
29	42	1
29	84	1
29	85	1
60	18	1
60	78	1
60	76	1
60	65	1
60	81	1
60	75	1
60	116	1
60	48	1
60	100	1
60	74	1
60	108	1
60	104	1
60	103	1
60	113	1
60	20	1
60	17	1
60	1	1
60	67	1
60	61	1
60	40	1
60	42	1
60	84	1
60	85	1
18	78	1
18	76	1
18	65	1
18	81	1
18	75	1
18	116	1
18	48	1
18	100	1
18	74	1
18	108	1
18	104	1
18	103	1
18	113	1
18	20	1
18	17	1
18	1	1
18	67	1
18	61	1
18	40	1
18	42	1
18	84	1
18	85	1
78	76	1
78	65	1
78	81	1
78	75	1
78	116	1
78	48	1
78	100	1
78	74	1
78	108	1
78	104	1
78	103	1
78	113	1
78	20	1
78	17	1
78	1	1
78	67	1
78	61	1
78	40	1
78	42	1
78	84	1
78	85	1
76	65	1
76	81	1
76	75	1
76	116	1
76	48	1
76	100	1
76	74	1
76	108	1
76	104	1
76	103	1
76	113	1
76	20	1
76	17	1
76	1	1
76	67	1
76	61	1
76	40	1
76	42	1
76	84	1
76	85	1
65	81	1
65	75	1
65	116	1
65	48	1
65	100	1
65	74	1
65	108	1
65	104	1
65	103	1
65	113	1
65	20	1
65	17	1
65	1	1
65	67	1
65	61	1
65	40	1
65	42	1
65	84	1
65	85	1
81	75	1
81	116	1
81	48	1
81	100	1
81	74	1
81	108	1
81	104	1
81	103	1
81	113	1
81	20	1
81	17	1
81	1	1
81	67	1
81	61	1
81	40	1
81	42	1
81	84	1
81	85	1
75	116	1
75	48	1
75	100	1
75	74	1
75	108	1
75	104	1
75	103	1
75	113	1
75	20	1
75	17	1
75	1	1
75	67	1
75	61	1
75	40	1
75	42	1
75	84	1
75	85	1
116	48	1
116	100	1
116	74	1
116	108	1
116	104	1
116	103	1
116	113	1
116	20	1
116	17	1
116	1	1
116	67	1
116	61	1
116	40	1
116	42	1
116	84	1
116	85	1
48	100	1
48	74	1
48	108	1
48	104	1
48	103	1
48	113	1
48	20	1
48	17	1
48	1	1
48	67	1
48	61	1
48	40	1
48	42	1
48	84	1
48	85	1
100	74	1
100	108	1
100	104	1
100	103	1
100	113	1
100	20	1
100	17	1
100	1	1
100	67	1
100	61	1
100	40	1
100	42	1
100	84	1
100	85	1
74	108	1
74	104	1
74	103	1
74	113	1
74	20	1
74	17	1
74	1	1
74	67	1
74	61	1
74	40	1
74	42	1
74	84	1
74	85	1
108	104	1
108	103	1
108	113	1
108	20	1
108	17	1
108	1	1
108	67	1
108	61	1
108	40	1
108	42	1
108	84	1
108	85	1
104	103	1
104	113	1
104	20	1
104	17	1
104	1	1
104	67	1
104	61	1
104	40	1
104	42	1
104	84	1
104	85	1
103	113	1
103	20	1
103	17	1
103	1	1
103	67	1
103	61	1
103	40	1
103	42	1
103	84	1
103	85	1
113	20	1
113	17	1
113	1	1
113	67	1
113	61	1
113	40	1
113	42	1
113	84	1
113	85	1
20	17	1
20	1	1
20	67	1
20	61	1
20	40	1
20	42	1
20	84	1
20	85	1
17	1	1
17	67	1
17	61	1
17	40	1
17	42	1
17	84	1
17	85	1
1	67	1
1	61	1
1	40	1
1	42	1
1	84	1
1	85	1
67	61	1
67	40	1
67	42	1
67	84	1
67	85	1
61	40	1
61	42	1
61	84	1
61	85	1
40	42	1
40	84	1
40	85	1
42	84	1
42	85	1
84	85	1
