89	88	1
89	87	1
89	86	1
89	25	1
89	2	1
89	59	1
89	56	1
89	32	1
89	38	1
89	36	1
89	53	1
89	26	1
89	31	1
89	29	1
89	71	1
89	98	1
89	97	1
89	49	1
89	60	1
89	114	1
89	18	1
89	77	1
89	76	1
89	65	1
89	81	1
89	82	1
89	75	1
89	118	1
89	117	1
89	47	1
89	43	1
89	74	1
89	73	1
89	54	1
89	33	1
89	104	1
89	103	1
89	101	1
89	113	1
89	19	1
89	20	1
89	16	1
89	17	1
89	21	1
89	1	1
89	68	1
89	67	1
89	42	1
89	41	1
89	120	1
89	6	1
89	5	1
89	84	1
89	85	1
89	109	1
89	110	1
88	87	1
88	86	1
88	25	1
88	2	1
88	59	1
88	56	1
88	32	1
88	38	1
88	36	1
88	53	1
88	26	1
88	31	1
88	29	1
88	71	1
88	98	1
88	97	1
88	49	1
88	60	1
88	114	1
88	18	1
88	77	1
88	76	1
88	65	1
88	81	1
88	82	1
88	75	1
88	118	1
88	117	1
88	47	1
88	43	1
88	74	1
88	73	1
88	54	1
88	33	1
88	104	1
88	103	1
88	101	1
88	113	1
88	19	1
88	20	1
88	16	1
88	17	1
88	21	1
88	1	1
88	68	1
88	67	1
88	42	1
88	41	1
88	120	1
88	6	1
88	5	1
88	84	1
88	85	1
88	109	1
88	110	1
87	86	1
87	25	1
87	2	1
87	59	1
87	56	1
87	32	1
87	38	1
87	36	1
87	53	1
87	26	1
87	31	1
87	29	1
87	71	1
87	98	1
87	97	1
87	49	1
87	60	1
87	114	1
87	18	1
87	77	1
87	76	1
87	65	1
87	81	1
87	82	1
87	75	1
87	118	1
87	117	1
87	47	1
87	43	1
87	74	1
87	73	1
87	54	1
87	33	1
87	104	1
87	103	1
87	101	1
87	113	1
87	19	1
87	20	1
87	16	1
87	17	1
87	21	1
87	1	1
87	68	1
87	67	1
87	42	1
87	41	1
87	120	1
87	6	1
87	5	1
87	84	1
87	85	1
87	109	1
87	110	1
86	25	1
86	2	1
86	59	1
86	56	1
86	32	1
86	38	1
86	36	1
86	53	1
86	26	1
86	31	1
86	29	1
86	71	1
86	98	1
86	97	1
86	49	1
86	60	1
86	114	1
86	18	1
86	77	1
86	76	1
86	65	1
86	81	1
86	82	1
86	75	1
86	118	1
86	117	1
86	47	1
86	43	1
86	74	1
86	73	1
86	54	1
86	33	1
86	104	1
86	103	1
86	101	1
86	113	1
86	19	1
86	20	1
86	16	1
86	17	1
86	21	1
86	1	1
86	68	1
86	67	1
86	42	1
86	41	1
86	120	1
86	6	1
86	5	1
86	84	1
86	85	1
86	109	1
86	110	1
25	2	1
25	59	1
25	56	1
25	32	1
25	38	1
25	36	1
25	53	1
25	26	1
25	31	1
25	29	1
25	71	1
25	98	1
25	97	1
25	49	1
25	60	1
25	114	1
25	18	1
25	77	1
25	76	1
25	65	1
25	81	1
25	82	1
25	75	1
25	118	1
25	117	1
25	47	1
25	43	1
25	74	1
25	73	1
25	54	1
25	33	1
25	104	1
25	103	1
25	101	1
25	113	1
25	19	1
25	20	1
25	16	1
25	17	1
25	21	1
25	1	1
25	68	1
25	67	1
25	42	1
25	41	1
25	120	1
25	6	1
25	5	1
25	84	1
25	85	1
25	109	1
25	110	1
2	59	1
2	56	1
2	32	1
2	38	1
2	36	1
2	53	1
2	26	1
2	31	1
2	29	1
2	71	1
2	98	1
2	97	1
2	49	1
2	60	1
2	114	1
2	18	1
2	77	1
2	76	1
2	65	1
2	81	1
2	82	1
2	75	1
2	118	1
2	117	1
2	47	1
2	43	1
2	74	1
2	73	1
2	54	1
2	33	1
2	104	1
2	103	1
2	101	1
2	113	1
2	19	1
2	20	1
2	16	1
2	17	1
2	21	1
2	1	1
2	68	1
2	67	1
2	42	1
2	41	1
2	120	1
2	6	1
2	5	1
2	84	1
2	85	1
2	109	1
2	110	1
59	56	1
59	32	1
59	38	1
59	36	1
59	53	1
59	26	1
59	31	1
59	29	1
59	71	1
59	98	1
59	97	1
59	49	1
59	60	1
59	114	1
59	18	1
59	77	1
59	76	1
59	65	1
59	81	1
59	82	1
59	75	1
59	118	1
59	117	1
59	47	1
59	43	1
59	74	1
59	73	1
59	54	1
59	33	1
59	104	1
59	103	1
59	101	1
59	113	1
59	19	1
59	20	1
59	16	1
59	17	1
59	21	1
59	1	1
59	68	1
59	67	1
59	42	1
59	41	1
59	120	1
59	6	1
59	5	1
59	84	1
59	85	1
59	109	1
59	110	1
56	32	1
56	38	1
56	36	1
56	53	1
56	26	1
56	31	1
56	29	1
56	71	1
56	98	1
56	97	1
56	49	1
56	60	1
56	114	1
56	18	1
56	77	1
56	76	1
56	65	1
56	81	1
56	82	1
56	75	1
56	118	1
56	117	1
56	47	1
56	43	1
56	74	1
56	73	1
56	54	1
56	33	1
56	104	1
56	103	1
56	101	1
56	113	1
56	19	1
56	20	1
56	16	1
56	17	1
56	21	1
56	1	1
56	68	1
56	67	1
56	42	1
56	41	1
56	120	1
56	6	1
56	5	1
56	84	1
56	85	1
56	109	1
56	110	1
32	38	1
32	36	1
32	53	1
32	26	1
32	31	1
32	29	1
32	71	1
32	98	1
32	97	1
32	49	1
32	60	1
32	114	1
32	18	1
32	77	1
32	76	1
32	65	1
32	81	1
32	82	1
32	75	1
32	118	1
32	117	1
32	47	1
32	43	1
32	74	1
32	73	1
32	54	1
32	33	1
32	104	1
32	103	1
32	101	1
32	113	1
32	19	1
32	20	1
32	16	1
32	17	1
32	21	1
32	1	1
32	68	1
32	67	1
32	42	1
32	41	1
32	120	1
32	6	1
32	5	1
32	84	1
32	85	1
32	109	1
32	110	1
38	36	1
38	53	1
38	26	1
38	31	1
38	29	1
38	71	1
38	98	1
38	97	1
38	49	1
38	60	1
38	114	1
38	18	1
38	77	1
38	76	1
38	65	1
38	81	1
38	82	1
38	75	1
38	118	1
38	117	1
38	47	1
38	43	1
38	74	1
38	73	1
38	54	1
38	33	1
38	104	1
38	103	1
38	101	1
38	113	1
38	19	1
38	20	1
38	16	1
38	17	1
38	21	1
38	1	1
38	68	1
38	67	1
38	42	1
38	41	1
38	120	1
38	6	1
38	5	1
38	84	1
38	85	1
38	109	1
38	110	1
36	53	1
36	26	1
36	31	1
36	29	1
36	71	1
36	98	1
36	97	1
36	49	1
36	60	1
36	114	1
36	18	1
36	77	1
36	76	1
36	65	1
36	81	1
36	82	1
36	75	1
36	118	1
36	117	1
36	47	1
36	43	1
36	74	1
36	73	1
36	54	1
36	33	1
36	104	1
36	103	1
36	101	1
36	113	1
36	19	1
36	20	1
36	16	1
36	17	1
36	21	1
36	1	1
36	68	1
36	67	1
36	42	1
36	41	1
36	120	1
36	6	1
36	5	1
36	84	1
36	85	1
36	109	1
36	110	1
53	26	1
53	31	1
53	29	1
53	71	1
53	98	1
53	97	1
53	49	1
53	60	1
53	114	1
53	18	1
53	77	1
53	76	1
53	65	1
53	81	1
53	82	1
53	75	1
53	118	1
53	117	1
53	47	1
53	43	1
53	74	1
53	73	1
53	54	1
53	33	1
53	104	1
53	103	1
53	101	1
53	113	1
53	19	1
53	20	1
53	16	1
53	17	1
53	21	1
53	1	1
53	68	1
53	67	1
53	42	1
53	41	1
53	120	1
53	6	1
53	5	1
53	84	1
53	85	1
53	109	1
53	110	1
26	31	1
26	29	1
26	71	1
26	98	1
26	97	1
26	49	1
26	60	1
26	114	1
26	18	1
26	77	1
26	76	1
26	65	1
26	81	1
26	82	1
26	75	1
26	118	1
26	117	1
26	47	1
26	43	1
26	74	1
26	73	1
26	54	1
26	33	1
26	104	1
26	103	1
26	101	1
26	113	1
26	19	1
26	20	1
26	16	1
26	17	1
26	21	1
26	1	1
26	68	1
26	67	1
26	42	1
26	41	1
26	120	1
26	6	1
26	5	1
26	84	1
26	85	1
26	109	1
26	110	1
31	29	1
31	71	1
31	98	1
31	97	1
31	49	1
31	60	1
31	114	1
31	18	1
31	77	1
31	76	1
31	65	1
31	81	1
31	82	1
31	75	1
31	118	1
31	117	1
31	47	1
31	43	1
31	74	1
31	73	1
31	54	1
31	33	1
31	104	1
31	103	1
31	101	1
31	113	1
31	19	1
31	20	1
31	16	1
31	17	1
31	21	1
31	1	1
31	68	1
31	67	1
31	42	1
31	41	1
31	120	1
31	6	1
31	5	1
31	84	1
31	85	1
31	109	1
31	110	1
29	71	1
29	98	1
29	97	1
29	49	1
29	60	1
29	114	1
29	18	1
29	77	1
29	76	1
29	65	1
29	81	1
29	82	1
29	75	1
29	118	1
29	117	1
29	47	1
29	43	1
29	74	1
29	73	1
29	54	1
29	33	1
29	104	1
29	103	1
29	101	1
29	113	1
29	19	1
29	20	1
29	16	1
29	17	1
29	21	1
29	1	1
29	68	1
29	67	1
29	42	1
29	41	1
29	120	1
29	6	1
29	5	1
29	84	1
29	85	1
29	109	1
29	110	1
71	98	1
71	97	1
71	49	1
71	60	1
71	114	1
71	18	1
71	77	1
71	76	1
71	65	1
71	81	1
71	82	1
71	75	1
71	118	1
71	117	1
71	47	1
71	43	1
71	74	1
71	73	1
71	54	1
71	33	1
71	104	1
71	103	1
71	101	1
71	113	1
71	19	1
71	20	1
71	16	1
71	17	1
71	21	1
71	1	1
71	68	1
71	67	1
71	42	1
71	41	1
71	120	1
71	6	1
71	5	1
71	84	1
71	85	1
71	109	1
71	110	1
98	97	1
98	49	1
98	60	1
98	114	1
98	18	1
98	77	1
98	76	1
98	65	1
98	81	1
98	82	1
98	75	1
98	118	1
98	117	1
98	47	1
98	43	1
98	74	1
98	73	1
98	54	1
98	33	1
98	104	1
98	103	1
98	101	1
98	113	1
98	19	1
98	20	1
98	16	1
98	17	1
98	21	1
98	1	1
98	68	1
98	67	1
98	42	1
98	41	1
98	120	1
98	6	1
98	5	1
98	84	1
98	85	1
98	109	1
98	110	1
97	49	1
97	60	1
97	114	1
97	18	1
97	77	1
97	76	1
97	65	1
97	81	1
97	82	1
97	75	1
97	118	1
97	117	1
97	47	1
97	43	1
97	74	1
97	73	1
97	54	1
97	33	1
97	104	1
97	103	1
97	101	1
97	113	1
97	19	1
97	20	1
97	16	1
97	17	1
97	21	1
97	1	1
97	68	1
97	67	1
97	42	1
97	41	1
97	120	1
97	6	1
97	5	1
97	84	1
97	85	1
97	109	1
97	110	1
49	60	1
49	114	1
49	18	1
49	77	1
49	76	1
49	65	1
49	81	1
49	82	1
49	75	1
49	118	1
49	117	1
49	47	1
49	43	1
49	74	1
49	73	1
49	54	1
49	33	1
49	104	1
49	103	1
49	101	1
49	113	1
49	19	1
49	20	1
49	16	1
49	17	1
49	21	1
49	1	1
49	68	1
49	67	1
49	42	1
49	41	1
49	120	1
49	6	1
49	5	1
49	84	1
49	85	1
49	109	1
49	110	1
60	114	1
60	18	1
60	77	1
60	76	1
60	65	1
60	81	1
60	82	1
60	75	1
60	118	1
60	117	1
60	47	1
60	43	1
60	74	1
60	73	1
60	54	1
60	33	1
60	104	1
60	103	1
60	101	1
60	113	1
60	19	1
60	20	1
60	16	1
60	17	1
60	21	1
60	1	1
60	68	1
60	67	1
60	42	1
60	41	1
60	120	1
60	6	1
60	5	1
60	84	1
60	85	1
60	109	1
60	110	1
114	18	1
114	77	1
114	76	1
114	65	1
114	81	1
114	82	1
114	75	1
114	118	1
114	117	1
114	47	1
114	43	1
114	74	1
114	73	1
114	54	1
114	33	1
114	104	1
114	103	1
114	101	1
114	113	1
114	19	1
114	20	1
114	16	1
114	17	1
114	21	1
114	1	1
114	68	1
114	67	1
114	42	1
114	41	1
114	120	1
114	6	1
114	5	1
114	84	1
114	85	1
114	109	1
114	110	1
18	77	1
18	76	1
18	65	1
18	81	1
18	82	1
18	75	1
18	118	1
18	117	1
18	47	1
18	43	1
18	74	1
18	73	1
18	54	1
18	33	1
18	104	1
18	103	1
18	101	1
18	113	1
18	19	1
18	20	1
18	16	1
18	17	1
18	21	1
18	1	1
18	68	1
18	67	1
18	42	1
18	41	1
18	120	1
18	6	1
18	5	1
18	84	1
18	85	1
18	109	1
18	110	1
77	76	1
77	65	1
77	81	1
77	82	1
77	75	1
77	118	1
77	117	1
77	47	1
77	43	1
77	74	1
77	73	1
77	54	1
77	33	1
77	104	1
77	103	1
77	101	1
77	113	1
77	19	1
77	20	1
77	16	1
77	17	1
77	21	1
77	1	1
77	68	1
77	67	1
77	42	1
77	41	1
77	120	1
77	6	1
77	5	1
77	84	1
77	85	1
77	109	1
77	110	1
76	65	1
76	81	1
76	82	1
76	75	1
76	118	1
76	117	1
76	47	1
76	43	1
76	74	1
76	73	1
76	54	1
76	33	1
76	104	1
76	103	1
76	101	1
76	113	1
76	19	1
76	20	1
76	16	1
76	17	1
76	21	1
76	1	1
76	68	1
76	67	1
76	42	1
76	41	1
76	120	1
76	6	1
76	5	1
76	84	1
76	85	1
76	109	1
76	110	1
65	81	1
65	82	1
65	75	1
65	118	1
65	117	1
65	47	1
65	43	1
65	74	1
65	73	1
65	54	1
65	33	1
65	104	1
65	103	1
65	101	1
65	113	1
65	19	1
65	20	1
65	16	1
65	17	1
65	21	1
65	1	1
65	68	1
65	67	1
65	42	1
65	41	1
65	120	1
65	6	1
65	5	1
65	84	1
65	85	1
65	109	1
65	110	1
81	82	1
81	75	1
81	118	1
81	117	1
81	47	1
81	43	1
81	74	1
81	73	1
81	54	1
81	33	1
81	104	1
81	103	1
81	101	1
81	113	1
81	19	1
81	20	1
81	16	1
81	17	1
81	21	1
81	1	1
81	68	1
81	67	1
81	42	1
81	41	1
81	120	1
81	6	1
81	5	1
81	84	1
81	85	1
81	109	1
81	110	1
82	75	1
82	118	1
82	117	1
82	47	1
82	43	1
82	74	1
82	73	1
82	54	1
82	33	1
82	104	1
82	103	1
82	101	1
82	113	1
82	19	1
82	20	1
82	16	1
82	17	1
82	21	1
82	1	1
82	68	1
82	67	1
82	42	1
82	41	1
82	120	1
82	6	1
82	5	1
82	84	1
82	85	1
82	109	1
82	110	1
75	118	1
75	117	1
75	47	1
75	43	1
75	74	1
75	73	1
75	54	1
75	33	1
75	104	1
75	103	1
75	101	1
75	113	1
75	19	1
75	20	1
75	16	1
75	17	1
75	21	1
75	1	1
75	68	1
75	67	1
75	42	1
75	41	1
75	120	1
75	6	1
75	5	1
75	84	1
75	85	1
75	109	1
75	110	1
118	117	1
118	47	1
118	43	1
118	74	1
118	73	1
118	54	1
118	33	1
118	104	1
118	103	1
118	101	1
118	113	1
118	19	1
118	20	1
118	16	1
118	17	1
118	21	1
118	1	1
118	68	1
118	67	1
118	42	1
118	41	1
118	120	1
118	6	1
118	5	1
118	84	1
118	85	1
118	109	1
118	110	1
117	47	1
117	43	1
117	74	1
117	73	1
117	54	1
117	33	1
117	104	1
117	103	1
117	101	1
117	113	1
117	19	1
117	20	1
117	16	1
117	17	1
117	21	1
117	1	1
117	68	1
117	67	1
117	42	1
117	41	1
117	120	1
117	6	1
117	5	1
117	84	1
117	85	1
117	109	1
117	110	1
47	43	1
47	74	1
47	73	1
47	54	1
47	33	1
47	104	1
47	103	1
47	101	1
47	113	1
47	19	1
47	20	1
47	16	1
47	17	1
47	21	1
47	1	1
47	68	1
47	67	1
47	42	1
47	41	1
47	120	1
47	6	1
47	5	1
47	84	1
47	85	1
47	109	1
47	110	1
43	74	1
43	73	1
43	54	1
43	33	1
43	104	1
43	103	1
43	101	1
43	113	1
43	19	1
43	20	1
43	16	1
43	17	1
43	21	1
43	1	1
43	68	1
43	67	1
43	42	1
43	41	1
43	120	1
43	6	1
43	5	1
43	84	1
43	85	1
43	109	1
43	110	1
74	73	1
74	54	1
74	33	1
74	104	1
74	103	1
74	101	1
74	113	1
74	19	1
74	20	1
74	16	1
74	17	1
74	21	1
74	1	1
74	68	1
74	67	1
74	42	1
74	41	1
74	120	1
74	6	1
74	5	1
74	84	1
74	85	1
74	109	1
74	110	1
73	54	1
73	33	1
73	104	1
73	103	1
73	101	1
73	113	1
73	19	1
73	20	1
73	16	1
73	17	1
73	21	1
73	1	1
73	68	1
73	67	1
73	42	1
73	41	1
73	120	1
73	6	1
73	5	1
73	84	1
73	85	1
73	109	1
73	110	1
54	33	1
54	104	1
54	103	1
54	101	1
54	113	1
54	19	1
54	20	1
54	16	1
54	17	1
54	21	1
54	1	1
54	68	1
54	67	1
54	42	1
54	41	1
54	120	1
54	6	1
54	5	1
54	84	1
54	85	1
54	109	1
54	110	1
33	104	1
33	103	1
33	101	1
33	113	1
33	19	1
33	20	1
33	16	1
33	17	1
33	21	1
33	1	1
33	68	1
33	67	1
33	42	1
33	41	1
33	120	1
33	6	1
33	5	1
33	84	1
33	85	1
33	109	1
33	110	1
104	103	1
104	101	1
104	113	1
104	19	1
104	20	1
104	16	1
104	17	1
104	21	1
104	1	1
104	68	1
104	67	1
104	42	1
104	41	1
104	120	1
104	6	1
104	5	1
104	84	1
104	85	1
104	109	1
104	110	1
103	101	1
103	113	1
103	19	1
103	20	1
103	16	1
103	17	1
103	21	1
103	1	1
103	68	1
103	67	1
103	42	1
103	41	1
103	120	1
103	6	1
103	5	1
103	84	1
103	85	1
103	109	1
103	110	1
101	113	1
101	19	1
101	20	1
101	16	1
101	17	1
101	21	1
101	1	1
101	68	1
101	67	1
101	42	1
101	41	1
101	120	1
101	6	1
101	5	1
101	84	1
101	85	1
101	109	1
101	110	1
113	19	1
113	20	1
113	16	1
113	17	1
113	21	1
113	1	1
113	68	1
113	67	1
113	42	1
113	41	1
113	120	1
113	6	1
113	5	1
113	84	1
113	85	1
113	109	1
113	110	1
19	20	1
19	16	1
19	17	1
19	21	1
19	1	1
19	68	1
19	67	1
19	42	1
19	41	1
19	120	1
19	6	1
19	5	1
19	84	1
19	85	1
19	109	1
19	110	1
20	16	1
20	17	1
20	21	1
20	1	1
20	68	1
20	67	1
20	42	1
20	41	1
20	120	1
20	6	1
20	5	1
20	84	1
20	85	1
20	109	1
20	110	1
16	17	1
16	21	1
16	1	1
16	68	1
16	67	1
16	42	1
16	41	1
16	120	1
16	6	1
16	5	1
16	84	1
16	85	1
16	109	1
16	110	1
17	21	1
17	1	1
17	68	1
17	67	1
17	42	1
17	41	1
17	120	1
17	6	1
17	5	1
17	84	1
17	85	1
17	109	1
17	110	1
21	1	1
21	68	1
21	67	1
21	42	1
21	41	1
21	120	1
21	6	1
21	5	1
21	84	1
21	85	1
21	109	1
21	110	1
1	68	1
1	67	1
1	42	1
1	41	1
1	120	1
1	6	1
1	5	1
1	84	1
1	85	1
1	109	1
1	110	1
68	67	1
68	42	1
68	41	1
68	120	1
68	6	1
68	5	1
68	84	1
68	85	1
68	109	1
68	110	1
67	42	1
67	41	1
67	120	1
67	6	1
67	5	1
67	84	1
67	85	1
67	109	1
67	110	1
42	41	1
42	120	1
42	6	1
42	5	1
42	84	1
42	85	1
42	109	1
42	110	1
41	120	1
41	6	1
41	5	1
41	84	1
41	85	1
41	109	1
41	110	1
120	6	1
120	5	1
120	84	1
120	85	1
120	109	1
120	110	1
6	5	1
6	84	1
6	85	1
6	109	1
6	110	1
5	84	1
5	85	1
5	109	1
5	110	1
84	85	1
84	109	1
84	110	1
85	109	1
85	110	1
109	110	1
