89	87	1
89	86	1
89	23	1
89	96	1
89	32	1
89	38	1
89	37	1
89	36	1
89	91	1
89	53	1
89	93	1
89	28	1
89	26	1
89	31	1
89	57	1
89	98	1
89	49	1
89	60	1
89	114	1
89	18	1
89	79	1
89	75	1
89	116	1
89	117	1
89	119	1
89	43	1
89	48	1
89	74	1
89	73	1
89	104	1
89	103	1
89	113	1
89	19	1
89	20	1
89	16	1
89	17	1
89	67	1
89	72	1
89	40	1
89	41	1
89	63	1
89	39	1
89	5	1
89	4	1
89	110	1
87	86	1
87	23	1
87	96	1
87	32	1
87	38	1
87	37	1
87	36	1
87	91	1
87	53	1
87	93	1
87	28	1
87	26	1
87	31	1
87	57	1
87	98	1
87	49	1
87	60	1
87	114	1
87	18	1
87	79	1
87	75	1
87	116	1
87	117	1
87	119	1
87	43	1
87	48	1
87	74	1
87	73	1
87	104	1
87	103	1
87	113	1
87	19	1
87	20	1
87	16	1
87	17	1
87	67	1
87	72	1
87	40	1
87	41	1
87	63	1
87	39	1
87	5	1
87	4	1
87	110	1
86	23	1
86	96	1
86	32	1
86	38	1
86	37	1
86	36	1
86	91	1
86	53	1
86	93	1
86	28	1
86	26	1
86	31	1
86	57	1
86	98	1
86	49	1
86	60	1
86	114	1
86	18	1
86	79	1
86	75	1
86	116	1
86	117	1
86	119	1
86	43	1
86	48	1
86	74	1
86	73	1
86	104	1
86	103	1
86	113	1
86	19	1
86	20	1
86	16	1
86	17	1
86	67	1
86	72	1
86	40	1
86	41	1
86	63	1
86	39	1
86	5	1
86	4	1
86	110	1
23	96	1
23	32	1
23	38	1
23	37	1
23	36	1
23	91	1
23	53	1
23	93	1
23	28	1
23	26	1
23	31	1
23	57	1
23	98	1
23	49	1
23	60	1
23	114	1
23	18	1
23	79	1
23	75	1
23	116	1
23	117	1
23	119	1
23	43	1
23	48	1
23	74	1
23	73	1
23	104	1
23	103	1
23	113	1
23	19	1
23	20	1
23	16	1
23	17	1
23	67	1
23	72	1
23	40	1
23	41	1
23	63	1
23	39	1
23	5	1
23	4	1
23	110	1
96	32	1
96	38	1
96	37	1
96	36	1
96	91	1
96	53	1
96	93	1
96	28	1
96	26	1
96	31	1
96	57	1
96	98	1
96	49	1
96	60	1
96	114	1
96	18	1
96	79	1
96	75	1
96	116	1
96	117	1
96	119	1
96	43	1
96	48	1
96	74	1
96	73	1
96	104	1
96	103	1
96	113	1
96	19	1
96	20	1
96	16	1
96	17	1
96	67	1
96	72	1
96	40	1
96	41	1
96	63	1
96	39	1
96	5	1
96	4	1
96	110	1
32	38	1
32	37	1
32	36	1
32	91	1
32	53	1
32	93	1
32	28	1
32	26	1
32	31	1
32	57	1
32	98	1
32	49	1
32	60	1
32	114	1
32	18	1
32	79	1
32	75	1
32	116	1
32	117	1
32	119	1
32	43	1
32	48	1
32	74	1
32	73	1
32	104	1
32	103	1
32	113	1
32	19	1
32	20	1
32	16	1
32	17	1
32	67	1
32	72	1
32	40	1
32	41	1
32	63	1
32	39	1
32	5	1
32	4	1
32	110	1
38	37	1
38	36	1
38	91	1
38	53	1
38	93	1
38	28	1
38	26	1
38	31	1
38	57	1
38	98	1
38	49	1
38	60	1
38	114	1
38	18	1
38	79	1
38	75	1
38	116	1
38	117	1
38	119	1
38	43	1
38	48	1
38	74	1
38	73	1
38	104	1
38	103	1
38	113	1
38	19	1
38	20	1
38	16	1
38	17	1
38	67	1
38	72	1
38	40	1
38	41	1
38	63	1
38	39	1
38	5	1
38	4	1
38	110	1
37	36	1
37	91	1
37	53	1
37	93	1
37	28	1
37	26	1
37	31	1
37	57	1
37	98	1
37	49	1
37	60	1
37	114	1
37	18	1
37	79	1
37	75	1
37	116	1
37	117	1
37	119	1
37	43	1
37	48	1
37	74	1
37	73	1
37	104	1
37	103	1
37	113	1
37	19	1
37	20	1
37	16	1
37	17	1
37	67	1
37	72	1
37	40	1
37	41	1
37	63	1
37	39	1
37	5	1
37	4	1
37	110	1
36	91	1
36	53	1
36	93	1
36	28	1
36	26	1
36	31	1
36	57	1
36	98	1
36	49	1
36	60	1
36	114	1
36	18	1
36	79	1
36	75	1
36	116	1
36	117	1
36	119	1
36	43	1
36	48	1
36	74	1
36	73	1
36	104	1
36	103	1
36	113	1
36	19	1
36	20	1
36	16	1
36	17	1
36	67	1
36	72	1
36	40	1
36	41	1
36	63	1
36	39	1
36	5	1
36	4	1
36	110	1
91	53	1
91	93	1
91	28	1
91	26	1
91	31	1
91	57	1
91	98	1
91	49	1
91	60	1
91	114	1
91	18	1
91	79	1
91	75	1
91	116	1
91	117	1
91	119	1
91	43	1
91	48	1
91	74	1
91	73	1
91	104	1
91	103	1
91	113	1
91	19	1
91	20	1
91	16	1
91	17	1
91	67	1
91	72	1
91	40	1
91	41	1
91	63	1
91	39	1
91	5	1
91	4	1
91	110	1
53	93	1
53	28	1
53	26	1
53	31	1
53	57	1
53	98	1
53	49	1
53	60	1
53	114	1
53	18	1
53	79	1
53	75	1
53	116	1
53	117	1
53	119	1
53	43	1
53	48	1
53	74	1
53	73	1
53	104	1
53	103	1
53	113	1
53	19	1
53	20	1
53	16	1
53	17	1
53	67	1
53	72	1
53	40	1
53	41	1
53	63	1
53	39	1
53	5	1
53	4	1
53	110	1
93	28	1
93	26	1
93	31	1
93	57	1
93	98	1
93	49	1
93	60	1
93	114	1
93	18	1
93	79	1
93	75	1
93	116	1
93	117	1
93	119	1
93	43	1
93	48	1
93	74	1
93	73	1
93	104	1
93	103	1
93	113	1
93	19	1
93	20	1
93	16	1
93	17	1
93	67	1
93	72	1
93	40	1
93	41	1
93	63	1
93	39	1
93	5	1
93	4	1
93	110	1
28	26	1
28	31	1
28	57	1
28	98	1
28	49	1
28	60	1
28	114	1
28	18	1
28	79	1
28	75	1
28	116	1
28	117	1
28	119	1
28	43	1
28	48	1
28	74	1
28	73	1
28	104	1
28	103	1
28	113	1
28	19	1
28	20	1
28	16	1
28	17	1
28	67	1
28	72	1
28	40	1
28	41	1
28	63	1
28	39	1
28	5	1
28	4	1
28	110	1
26	31	1
26	57	1
26	98	1
26	49	1
26	60	1
26	114	1
26	18	1
26	79	1
26	75	1
26	116	1
26	117	1
26	119	1
26	43	1
26	48	1
26	74	1
26	73	1
26	104	1
26	103	1
26	113	1
26	19	1
26	20	1
26	16	1
26	17	1
26	67	1
26	72	1
26	40	1
26	41	1
26	63	1
26	39	1
26	5	1
26	4	1
26	110	1
31	57	1
31	98	1
31	49	1
31	60	1
31	114	1
31	18	1
31	79	1
31	75	1
31	116	1
31	117	1
31	119	1
31	43	1
31	48	1
31	74	1
31	73	1
31	104	1
31	103	1
31	113	1
31	19	1
31	20	1
31	16	1
31	17	1
31	67	1
31	72	1
31	40	1
31	41	1
31	63	1
31	39	1
31	5	1
31	4	1
31	110	1
57	98	1
57	49	1
57	60	1
57	114	1
57	18	1
57	79	1
57	75	1
57	116	1
57	117	1
57	119	1
57	43	1
57	48	1
57	74	1
57	73	1
57	104	1
57	103	1
57	113	1
57	19	1
57	20	1
57	16	1
57	17	1
57	67	1
57	72	1
57	40	1
57	41	1
57	63	1
57	39	1
57	5	1
57	4	1
57	110	1
98	49	1
98	60	1
98	114	1
98	18	1
98	79	1
98	75	1
98	116	1
98	117	1
98	119	1
98	43	1
98	48	1
98	74	1
98	73	1
98	104	1
98	103	1
98	113	1
98	19	1
98	20	1
98	16	1
98	17	1
98	67	1
98	72	1
98	40	1
98	41	1
98	63	1
98	39	1
98	5	1
98	4	1
98	110	1
49	60	1
49	114	1
49	18	1
49	79	1
49	75	1
49	116	1
49	117	1
49	119	1
49	43	1
49	48	1
49	74	1
49	73	1
49	104	1
49	103	1
49	113	1
49	19	1
49	20	1
49	16	1
49	17	1
49	67	1
49	72	1
49	40	1
49	41	1
49	63	1
49	39	1
49	5	1
49	4	1
49	110	1
60	114	1
60	18	1
60	79	1
60	75	1
60	116	1
60	117	1
60	119	1
60	43	1
60	48	1
60	74	1
60	73	1
60	104	1
60	103	1
60	113	1
60	19	1
60	20	1
60	16	1
60	17	1
60	67	1
60	72	1
60	40	1
60	41	1
60	63	1
60	39	1
60	5	1
60	4	1
60	110	1
114	18	1
114	79	1
114	75	1
114	116	1
114	117	1
114	119	1
114	43	1
114	48	1
114	74	1
114	73	1
114	104	1
114	103	1
114	113	1
114	19	1
114	20	1
114	16	1
114	17	1
114	67	1
114	72	1
114	40	1
114	41	1
114	63	1
114	39	1
114	5	1
114	4	1
114	110	1
18	79	1
18	75	1
18	116	1
18	117	1
18	119	1
18	43	1
18	48	1
18	74	1
18	73	1
18	104	1
18	103	1
18	113	1
18	19	1
18	20	1
18	16	1
18	17	1
18	67	1
18	72	1
18	40	1
18	41	1
18	63	1
18	39	1
18	5	1
18	4	1
18	110	1
79	75	1
79	116	1
79	117	1
79	119	1
79	43	1
79	48	1
79	74	1
79	73	1
79	104	1
79	103	1
79	113	1
79	19	1
79	20	1
79	16	1
79	17	1
79	67	1
79	72	1
79	40	1
79	41	1
79	63	1
79	39	1
79	5	1
79	4	1
79	110	1
75	116	1
75	117	1
75	119	1
75	43	1
75	48	1
75	74	1
75	73	1
75	104	1
75	103	1
75	113	1
75	19	1
75	20	1
75	16	1
75	17	1
75	67	1
75	72	1
75	40	1
75	41	1
75	63	1
75	39	1
75	5	1
75	4	1
75	110	1
116	117	1
116	119	1
116	43	1
116	48	1
116	74	1
116	73	1
116	104	1
116	103	1
116	113	1
116	19	1
116	20	1
116	16	1
116	17	1
116	67	1
116	72	1
116	40	1
116	41	1
116	63	1
116	39	1
116	5	1
116	4	1
116	110	1
117	119	1
117	43	1
117	48	1
117	74	1
117	73	1
117	104	1
117	103	1
117	113	1
117	19	1
117	20	1
117	16	1
117	17	1
117	67	1
117	72	1
117	40	1
117	41	1
117	63	1
117	39	1
117	5	1
117	4	1
117	110	1
119	43	1
119	48	1
119	74	1
119	73	1
119	104	1
119	103	1
119	113	1
119	19	1
119	20	1
119	16	1
119	17	1
119	67	1
119	72	1
119	40	1
119	41	1
119	63	1
119	39	1
119	5	1
119	4	1
119	110	1
43	48	1
43	74	1
43	73	1
43	104	1
43	103	1
43	113	1
43	19	1
43	20	1
43	16	1
43	17	1
43	67	1
43	72	1
43	40	1
43	41	1
43	63	1
43	39	1
43	5	1
43	4	1
43	110	1
48	74	1
48	73	1
48	104	1
48	103	1
48	113	1
48	19	1
48	20	1
48	16	1
48	17	1
48	67	1
48	72	1
48	40	1
48	41	1
48	63	1
48	39	1
48	5	1
48	4	1
48	110	1
74	73	1
74	104	1
74	103	1
74	113	1
74	19	1
74	20	1
74	16	1
74	17	1
74	67	1
74	72	1
74	40	1
74	41	1
74	63	1
74	39	1
74	5	1
74	4	1
74	110	1
73	104	1
73	103	1
73	113	1
73	19	1
73	20	1
73	16	1
73	17	1
73	67	1
73	72	1
73	40	1
73	41	1
73	63	1
73	39	1
73	5	1
73	4	1
73	110	1
104	103	1
104	113	1
104	19	1
104	20	1
104	16	1
104	17	1
104	67	1
104	72	1
104	40	1
104	41	1
104	63	1
104	39	1
104	5	1
104	4	1
104	110	1
103	113	1
103	19	1
103	20	1
103	16	1
103	17	1
103	67	1
103	72	1
103	40	1
103	41	1
103	63	1
103	39	1
103	5	1
103	4	1
103	110	1
113	19	1
113	20	1
113	16	1
113	17	1
113	67	1
113	72	1
113	40	1
113	41	1
113	63	1
113	39	1
113	5	1
113	4	1
113	110	1
19	20	1
19	16	1
19	17	1
19	67	1
19	72	1
19	40	1
19	41	1
19	63	1
19	39	1
19	5	1
19	4	1
19	110	1
20	16	1
20	17	1
20	67	1
20	72	1
20	40	1
20	41	1
20	63	1
20	39	1
20	5	1
20	4	1
20	110	1
16	17	1
16	67	1
16	72	1
16	40	1
16	41	1
16	63	1
16	39	1
16	5	1
16	4	1
16	110	1
17	67	1
17	72	1
17	40	1
17	41	1
17	63	1
17	39	1
17	5	1
17	4	1
17	110	1
67	72	1
67	40	1
67	41	1
67	63	1
67	39	1
67	5	1
67	4	1
67	110	1
72	40	1
72	41	1
72	63	1
72	39	1
72	5	1
72	4	1
72	110	1
40	41	1
40	63	1
40	39	1
40	5	1
40	4	1
40	110	1
41	63	1
41	39	1
41	5	1
41	4	1
41	110	1
63	39	1
63	5	1
63	4	1
63	110	1
39	5	1
39	4	1
39	110	1
5	4	1
5	110	1
4	110	1
