89	88	1
89	9	1
89	23	1
89	58	1
89	59	1
89	34	1
89	56	1
89	96	1
89	32	1
89	38	1
89	37	1
89	36	1
89	35	1
89	90	1
89	91	1
89	53	1
89	93	1
89	27	1
89	26	1
89	29	1
89	71	1
89	50	1
89	98	1
89	97	1
89	60	1
89	18	1
89	77	1
89	78	1
89	65	1
89	80	1
89	82	1
89	75	1
89	118	1
89	117	1
89	119	1
89	47	1
89	46	1
89	48	1
89	100	1
89	108	1
89	73	1
89	104	1
89	103	1
89	101	1
89	113	1
89	20	1
89	16	1
89	17	1
89	21	1
89	70	1
89	69	1
89	1	1
89	68	1
89	67	1
89	61	1
89	42	1
89	63	1
89	39	1
89	120	1
89	84	1
89	112	1
89	109	1
89	110	1
88	9	1
88	23	1
88	58	1
88	59	1
88	34	1
88	56	1
88	96	1
88	32	1
88	38	1
88	37	1
88	36	1
88	35	1
88	90	1
88	91	1
88	53	1
88	93	1
88	27	1
88	26	1
88	29	1
88	71	1
88	50	1
88	98	1
88	97	1
88	60	1
88	18	1
88	77	1
88	78	1
88	65	1
88	80	1
88	82	1
88	75	1
88	118	1
88	117	1
88	119	1
88	47	1
88	46	1
88	48	1
88	100	1
88	108	1
88	73	1
88	104	1
88	103	1
88	101	1
88	113	1
88	20	1
88	16	1
88	17	1
88	21	1
88	70	1
88	69	1
88	1	1
88	68	1
88	67	1
88	61	1
88	42	1
88	63	1
88	39	1
88	120	1
88	84	1
88	112	1
88	109	1
88	110	1
9	23	1
9	58	1
9	59	1
9	34	1
9	56	1
9	96	1
9	32	1
9	38	1
9	37	1
9	36	1
9	35	1
9	90	1
9	91	1
9	53	1
9	93	1
9	27	1
9	26	1
9	29	1
9	71	1
9	50	1
9	98	1
9	97	1
9	60	1
9	18	1
9	77	1
9	78	1
9	65	1
9	80	1
9	82	1
9	75	1
9	118	1
9	117	1
9	119	1
9	47	1
9	46	1
9	48	1
9	100	1
9	108	1
9	73	1
9	104	1
9	103	1
9	101	1
9	113	1
9	20	1
9	16	1
9	17	1
9	21	1
9	70	1
9	69	1
9	1	1
9	68	1
9	67	1
9	61	1
9	42	1
9	63	1
9	39	1
9	120	1
9	84	1
9	112	1
9	109	1
9	110	1
23	58	1
23	59	1
23	34	1
23	56	1
23	96	1
23	32	1
23	38	1
23	37	1
23	36	1
23	35	1
23	90	1
23	91	1
23	53	1
23	93	1
23	27	1
23	26	1
23	29	1
23	71	1
23	50	1
23	98	1
23	97	1
23	60	1
23	18	1
23	77	1
23	78	1
23	65	1
23	80	1
23	82	1
23	75	1
23	118	1
23	117	1
23	119	1
23	47	1
23	46	1
23	48	1
23	100	1
23	108	1
23	73	1
23	104	1
23	103	1
23	101	1
23	113	1
23	20	1
23	16	1
23	17	1
23	21	1
23	70	1
23	69	1
23	1	1
23	68	1
23	67	1
23	61	1
23	42	1
23	63	1
23	39	1
23	120	1
23	84	1
23	112	1
23	109	1
23	110	1
58	59	1
58	34	1
58	56	1
58	96	1
58	32	1
58	38	1
58	37	1
58	36	1
58	35	1
58	90	1
58	91	1
58	53	1
58	93	1
58	27	1
58	26	1
58	29	1
58	71	1
58	50	1
58	98	1
58	97	1
58	60	1
58	18	1
58	77	1
58	78	1
58	65	1
58	80	1
58	82	1
58	75	1
58	118	1
58	117	1
58	119	1
58	47	1
58	46	1
58	48	1
58	100	1
58	108	1
58	73	1
58	104	1
58	103	1
58	101	1
58	113	1
58	20	1
58	16	1
58	17	1
58	21	1
58	70	1
58	69	1
58	1	1
58	68	1
58	67	1
58	61	1
58	42	1
58	63	1
58	39	1
58	120	1
58	84	1
58	112	1
58	109	1
58	110	1
59	34	1
59	56	1
59	96	1
59	32	1
59	38	1
59	37	1
59	36	1
59	35	1
59	90	1
59	91	1
59	53	1
59	93	1
59	27	1
59	26	1
59	29	1
59	71	1
59	50	1
59	98	1
59	97	1
59	60	1
59	18	1
59	77	1
59	78	1
59	65	1
59	80	1
59	82	1
59	75	1
59	118	1
59	117	1
59	119	1
59	47	1
59	46	1
59	48	1
59	100	1
59	108	1
59	73	1
59	104	1
59	103	1
59	101	1
59	113	1
59	20	1
59	16	1
59	17	1
59	21	1
59	70	1
59	69	1
59	1	1
59	68	1
59	67	1
59	61	1
59	42	1
59	63	1
59	39	1
59	120	1
59	84	1
59	112	1
59	109	1
59	110	1
34	56	1
34	96	1
34	32	1
34	38	1
34	37	1
34	36	1
34	35	1
34	90	1
34	91	1
34	53	1
34	93	1
34	27	1
34	26	1
34	29	1
34	71	1
34	50	1
34	98	1
34	97	1
34	60	1
34	18	1
34	77	1
34	78	1
34	65	1
34	80	1
34	82	1
34	75	1
34	118	1
34	117	1
34	119	1
34	47	1
34	46	1
34	48	1
34	100	1
34	108	1
34	73	1
34	104	1
34	103	1
34	101	1
34	113	1
34	20	1
34	16	1
34	17	1
34	21	1
34	70	1
34	69	1
34	1	1
34	68	1
34	67	1
34	61	1
34	42	1
34	63	1
34	39	1
34	120	1
34	84	1
34	112	1
34	109	1
34	110	1
56	96	1
56	32	1
56	38	1
56	37	1
56	36	1
56	35	1
56	90	1
56	91	1
56	53	1
56	93	1
56	27	1
56	26	1
56	29	1
56	71	1
56	50	1
56	98	1
56	97	1
56	60	1
56	18	1
56	77	1
56	78	1
56	65	1
56	80	1
56	82	1
56	75	1
56	118	1
56	117	1
56	119	1
56	47	1
56	46	1
56	48	1
56	100	1
56	108	1
56	73	1
56	104	1
56	103	1
56	101	1
56	113	1
56	20	1
56	16	1
56	17	1
56	21	1
56	70	1
56	69	1
56	1	1
56	68	1
56	67	1
56	61	1
56	42	1
56	63	1
56	39	1
56	120	1
56	84	1
56	112	1
56	109	1
56	110	1
96	32	1
96	38	1
96	37	1
96	36	1
96	35	1
96	90	1
96	91	1
96	53	1
96	93	1
96	27	1
96	26	1
96	29	1
96	71	1
96	50	1
96	98	1
96	97	1
96	60	1
96	18	1
96	77	1
96	78	1
96	65	1
96	80	1
96	82	1
96	75	1
96	118	1
96	117	1
96	119	1
96	47	1
96	46	1
96	48	1
96	100	1
96	108	1
96	73	1
96	104	1
96	103	1
96	101	1
96	113	1
96	20	1
96	16	1
96	17	1
96	21	1
96	70	1
96	69	1
96	1	1
96	68	1
96	67	1
96	61	1
96	42	1
96	63	1
96	39	1
96	120	1
96	84	1
96	112	1
96	109	1
96	110	1
32	38	1
32	37	1
32	36	1
32	35	1
32	90	1
32	91	1
32	53	1
32	93	1
32	27	1
32	26	1
32	29	1
32	71	1
32	50	1
32	98	1
32	97	1
32	60	1
32	18	1
32	77	1
32	78	1
32	65	1
32	80	1
32	82	1
32	75	1
32	118	1
32	117	1
32	119	1
32	47	1
32	46	1
32	48	1
32	100	1
32	108	1
32	73	1
32	104	1
32	103	1
32	101	1
32	113	1
32	20	1
32	16	1
32	17	1
32	21	1
32	70	1
32	69	1
32	1	1
32	68	1
32	67	1
32	61	1
32	42	1
32	63	1
32	39	1
32	120	1
32	84	1
32	112	1
32	109	1
32	110	1
38	37	1
38	36	1
38	35	1
38	90	1
38	91	1
38	53	1
38	93	1
38	27	1
38	26	1
38	29	1
38	71	1
38	50	1
38	98	1
38	97	1
38	60	1
38	18	1
38	77	1
38	78	1
38	65	1
38	80	1
38	82	1
38	75	1
38	118	1
38	117	1
38	119	1
38	47	1
38	46	1
38	48	1
38	100	1
38	108	1
38	73	1
38	104	1
38	103	1
38	101	1
38	113	1
38	20	1
38	16	1
38	17	1
38	21	1
38	70	1
38	69	1
38	1	1
38	68	1
38	67	1
38	61	1
38	42	1
38	63	1
38	39	1
38	120	1
38	84	1
38	112	1
38	109	1
38	110	1
37	36	1
37	35	1
37	90	1
37	91	1
37	53	1
37	93	1
37	27	1
37	26	1
37	29	1
37	71	1
37	50	1
37	98	1
37	97	1
37	60	1
37	18	1
37	77	1
37	78	1
37	65	1
37	80	1
37	82	1
37	75	1
37	118	1
37	117	1
37	119	1
37	47	1
37	46	1
37	48	1
37	100	1
37	108	1
37	73	1
37	104	1
37	103	1
37	101	1
37	113	1
37	20	1
37	16	1
37	17	1
37	21	1
37	70	1
37	69	1
37	1	1
37	68	1
37	67	1
37	61	1
37	42	1
37	63	1
37	39	1
37	120	1
37	84	1
37	112	1
37	109	1
37	110	1
36	35	1
36	90	1
36	91	1
36	53	1
36	93	1
36	27	1
36	26	1
36	29	1
36	71	1
36	50	1
36	98	1
36	97	1
36	60	1
36	18	1
36	77	1
36	78	1
36	65	1
36	80	1
36	82	1
36	75	1
36	118	1
36	117	1
36	119	1
36	47	1
36	46	1
36	48	1
36	100	1
36	108	1
36	73	1
36	104	1
36	103	1
36	101	1
36	113	1
36	20	1
36	16	1
36	17	1
36	21	1
36	70	1
36	69	1
36	1	1
36	68	1
36	67	1
36	61	1
36	42	1
36	63	1
36	39	1
36	120	1
36	84	1
36	112	1
36	109	1
36	110	1
35	90	1
35	91	1
35	53	1
35	93	1
35	27	1
35	26	1
35	29	1
35	71	1
35	50	1
35	98	1
35	97	1
35	60	1
35	18	1
35	77	1
35	78	1
35	65	1
35	80	1
35	82	1
35	75	1
35	118	1
35	117	1
35	119	1
35	47	1
35	46	1
35	48	1
35	100	1
35	108	1
35	73	1
35	104	1
35	103	1
35	101	1
35	113	1
35	20	1
35	16	1
35	17	1
35	21	1
35	70	1
35	69	1
35	1	1
35	68	1
35	67	1
35	61	1
35	42	1
35	63	1
35	39	1
35	120	1
35	84	1
35	112	1
35	109	1
35	110	1
90	91	1
90	53	1
90	93	1
90	27	1
90	26	1
90	29	1
90	71	1
90	50	1
90	98	1
90	97	1
90	60	1
90	18	1
90	77	1
90	78	1
90	65	1
90	80	1
90	82	1
90	75	1
90	118	1
90	117	1
90	119	1
90	47	1
90	46	1
90	48	1
90	100	1
90	108	1
90	73	1
90	104	1
90	103	1
90	101	1
90	113	1
90	20	1
90	16	1
90	17	1
90	21	1
90	70	1
90	69	1
90	1	1
90	68	1
90	67	1
90	61	1
90	42	1
90	63	1
90	39	1
90	120	1
90	84	1
90	112	1
90	109	1
90	110	1
91	53	1
91	93	1
91	27	1
91	26	1
91	29	1
91	71	1
91	50	1
91	98	1
91	97	1
91	60	1
91	18	1
91	77	1
91	78	1
91	65	1
91	80	1
91	82	1
91	75	1
91	118	1
91	117	1
91	119	1
91	47	1
91	46	1
91	48	1
91	100	1
91	108	1
91	73	1
91	104	1
91	103	1
91	101	1
91	113	1
91	20	1
91	16	1
91	17	1
91	21	1
91	70	1
91	69	1
91	1	1
91	68	1
91	67	1
91	61	1
91	42	1
91	63	1
91	39	1
91	120	1
91	84	1
91	112	1
91	109	1
91	110	1
53	93	1
53	27	1
53	26	1
53	29	1
53	71	1
53	50	1
53	98	1
53	97	1
53	60	1
53	18	1
53	77	1
53	78	1
53	65	1
53	80	1
53	82	1
53	75	1
53	118	1
53	117	1
53	119	1
53	47	1
53	46	1
53	48	1
53	100	1
53	108	1
53	73	1
53	104	1
53	103	1
53	101	1
53	113	1
53	20	1
53	16	1
53	17	1
53	21	1
53	70	1
53	69	1
53	1	1
53	68	1
53	67	1
53	61	1
53	42	1
53	63	1
53	39	1
53	120	1
53	84	1
53	112	1
53	109	1
53	110	1
93	27	1
93	26	1
93	29	1
93	71	1
93	50	1
93	98	1
93	97	1
93	60	1
93	18	1
93	77	1
93	78	1
93	65	1
93	80	1
93	82	1
93	75	1
93	118	1
93	117	1
93	119	1
93	47	1
93	46	1
93	48	1
93	100	1
93	108	1
93	73	1
93	104	1
93	103	1
93	101	1
93	113	1
93	20	1
93	16	1
93	17	1
93	21	1
93	70	1
93	69	1
93	1	1
93	68	1
93	67	1
93	61	1
93	42	1
93	63	1
93	39	1
93	120	1
93	84	1
93	112	1
93	109	1
93	110	1
27	26	1
27	29	1
27	71	1
27	50	1
27	98	1
27	97	1
27	60	1
27	18	1
27	77	1
27	78	1
27	65	1
27	80	1
27	82	1
27	75	1
27	118	1
27	117	1
27	119	1
27	47	1
27	46	1
27	48	1
27	100	1
27	108	1
27	73	1
27	104	1
27	103	1
27	101	1
27	113	1
27	20	1
27	16	1
27	17	1
27	21	1
27	70	1
27	69	1
27	1	1
27	68	1
27	67	1
27	61	1
27	42	1
27	63	1
27	39	1
27	120	1
27	84	1
27	112	1
27	109	1
27	110	1
26	29	1
26	71	1
26	50	1
26	98	1
26	97	1
26	60	1
26	18	1
26	77	1
26	78	1
26	65	1
26	80	1
26	82	1
26	75	1
26	118	1
26	117	1
26	119	1
26	47	1
26	46	1
26	48	1
26	100	1
26	108	1
26	73	1
26	104	1
26	103	1
26	101	1
26	113	1
26	20	1
26	16	1
26	17	1
26	21	1
26	70	1
26	69	1
26	1	1
26	68	1
26	67	1
26	61	1
26	42	1
26	63	1
26	39	1
26	120	1
26	84	1
26	112	1
26	109	1
26	110	1
29	71	1
29	50	1
29	98	1
29	97	1
29	60	1
29	18	1
29	77	1
29	78	1
29	65	1
29	80	1
29	82	1
29	75	1
29	118	1
29	117	1
29	119	1
29	47	1
29	46	1
29	48	1
29	100	1
29	108	1
29	73	1
29	104	1
29	103	1
29	101	1
29	113	1
29	20	1
29	16	1
29	17	1
29	21	1
29	70	1
29	69	1
29	1	1
29	68	1
29	67	1
29	61	1
29	42	1
29	63	1
29	39	1
29	120	1
29	84	1
29	112	1
29	109	1
29	110	1
71	50	1
71	98	1
71	97	1
71	60	1
71	18	1
71	77	1
71	78	1
71	65	1
71	80	1
71	82	1
71	75	1
71	118	1
71	117	1
71	119	1
71	47	1
71	46	1
71	48	1
71	100	1
71	108	1
71	73	1
71	104	1
71	103	1
71	101	1
71	113	1
71	20	1
71	16	1
71	17	1
71	21	1
71	70	1
71	69	1
71	1	1
71	68	1
71	67	1
71	61	1
71	42	1
71	63	1
71	39	1
71	120	1
71	84	1
71	112	1
71	109	1
71	110	1
50	98	1
50	97	1
50	60	1
50	18	1
50	77	1
50	78	1
50	65	1
50	80	1
50	82	1
50	75	1
50	118	1
50	117	1
50	119	1
50	47	1
50	46	1
50	48	1
50	100	1
50	108	1
50	73	1
50	104	1
50	103	1
50	101	1
50	113	1
50	20	1
50	16	1
50	17	1
50	21	1
50	70	1
50	69	1
50	1	1
50	68	1
50	67	1
50	61	1
50	42	1
50	63	1
50	39	1
50	120	1
50	84	1
50	112	1
50	109	1
50	110	1
98	97	1
98	60	1
98	18	1
98	77	1
98	78	1
98	65	1
98	80	1
98	82	1
98	75	1
98	118	1
98	117	1
98	119	1
98	47	1
98	46	1
98	48	1
98	100	1
98	108	1
98	73	1
98	104	1
98	103	1
98	101	1
98	113	1
98	20	1
98	16	1
98	17	1
98	21	1
98	70	1
98	69	1
98	1	1
98	68	1
98	67	1
98	61	1
98	42	1
98	63	1
98	39	1
98	120	1
98	84	1
98	112	1
98	109	1
98	110	1
97	60	1
97	18	1
97	77	1
97	78	1
97	65	1
97	80	1
97	82	1
97	75	1
97	118	1
97	117	1
97	119	1
97	47	1
97	46	1
97	48	1
97	100	1
97	108	1
97	73	1
97	104	1
97	103	1
97	101	1
97	113	1
97	20	1
97	16	1
97	17	1
97	21	1
97	70	1
97	69	1
97	1	1
97	68	1
97	67	1
97	61	1
97	42	1
97	63	1
97	39	1
97	120	1
97	84	1
97	112	1
97	109	1
97	110	1
60	18	1
60	77	1
60	78	1
60	65	1
60	80	1
60	82	1
60	75	1
60	118	1
60	117	1
60	119	1
60	47	1
60	46	1
60	48	1
60	100	1
60	108	1
60	73	1
60	104	1
60	103	1
60	101	1
60	113	1
60	20	1
60	16	1
60	17	1
60	21	1
60	70	1
60	69	1
60	1	1
60	68	1
60	67	1
60	61	1
60	42	1
60	63	1
60	39	1
60	120	1
60	84	1
60	112	1
60	109	1
60	110	1
18	77	1
18	78	1
18	65	1
18	80	1
18	82	1
18	75	1
18	118	1
18	117	1
18	119	1
18	47	1
18	46	1
18	48	1
18	100	1
18	108	1
18	73	1
18	104	1
18	103	1
18	101	1
18	113	1
18	20	1
18	16	1
18	17	1
18	21	1
18	70	1
18	69	1
18	1	1
18	68	1
18	67	1
18	61	1
18	42	1
18	63	1
18	39	1
18	120	1
18	84	1
18	112	1
18	109	1
18	110	1
77	78	1
77	65	1
77	80	1
77	82	1
77	75	1
77	118	1
77	117	1
77	119	1
77	47	1
77	46	1
77	48	1
77	100	1
77	108	1
77	73	1
77	104	1
77	103	1
77	101	1
77	113	1
77	20	1
77	16	1
77	17	1
77	21	1
77	70	1
77	69	1
77	1	1
77	68	1
77	67	1
77	61	1
77	42	1
77	63	1
77	39	1
77	120	1
77	84	1
77	112	1
77	109	1
77	110	1
78	65	1
78	80	1
78	82	1
78	75	1
78	118	1
78	117	1
78	119	1
78	47	1
78	46	1
78	48	1
78	100	1
78	108	1
78	73	1
78	104	1
78	103	1
78	101	1
78	113	1
78	20	1
78	16	1
78	17	1
78	21	1
78	70	1
78	69	1
78	1	1
78	68	1
78	67	1
78	61	1
78	42	1
78	63	1
78	39	1
78	120	1
78	84	1
78	112	1
78	109	1
78	110	1
65	80	1
65	82	1
65	75	1
65	118	1
65	117	1
65	119	1
65	47	1
65	46	1
65	48	1
65	100	1
65	108	1
65	73	1
65	104	1
65	103	1
65	101	1
65	113	1
65	20	1
65	16	1
65	17	1
65	21	1
65	70	1
65	69	1
65	1	1
65	68	1
65	67	1
65	61	1
65	42	1
65	63	1
65	39	1
65	120	1
65	84	1
65	112	1
65	109	1
65	110	1
80	82	1
80	75	1
80	118	1
80	117	1
80	119	1
80	47	1
80	46	1
80	48	1
80	100	1
80	108	1
80	73	1
80	104	1
80	103	1
80	101	1
80	113	1
80	20	1
80	16	1
80	17	1
80	21	1
80	70	1
80	69	1
80	1	1
80	68	1
80	67	1
80	61	1
80	42	1
80	63	1
80	39	1
80	120	1
80	84	1
80	112	1
80	109	1
80	110	1
82	75	1
82	118	1
82	117	1
82	119	1
82	47	1
82	46	1
82	48	1
82	100	1
82	108	1
82	73	1
82	104	1
82	103	1
82	101	1
82	113	1
82	20	1
82	16	1
82	17	1
82	21	1
82	70	1
82	69	1
82	1	1
82	68	1
82	67	1
82	61	1
82	42	1
82	63	1
82	39	1
82	120	1
82	84	1
82	112	1
82	109	1
82	110	1
75	118	1
75	117	1
75	119	1
75	47	1
75	46	1
75	48	1
75	100	1
75	108	1
75	73	1
75	104	1
75	103	1
75	101	1
75	113	1
75	20	1
75	16	1
75	17	1
75	21	1
75	70	1
75	69	1
75	1	1
75	68	1
75	67	1
75	61	1
75	42	1
75	63	1
75	39	1
75	120	1
75	84	1
75	112	1
75	109	1
75	110	1
118	117	1
118	119	1
118	47	1
118	46	1
118	48	1
118	100	1
118	108	1
118	73	1
118	104	1
118	103	1
118	101	1
118	113	1
118	20	1
118	16	1
118	17	1
118	21	1
118	70	1
118	69	1
118	1	1
118	68	1
118	67	1
118	61	1
118	42	1
118	63	1
118	39	1
118	120	1
118	84	1
118	112	1
118	109	1
118	110	1
117	119	1
117	47	1
117	46	1
117	48	1
117	100	1
117	108	1
117	73	1
117	104	1
117	103	1
117	101	1
117	113	1
117	20	1
117	16	1
117	17	1
117	21	1
117	70	1
117	69	1
117	1	1
117	68	1
117	67	1
117	61	1
117	42	1
117	63	1
117	39	1
117	120	1
117	84	1
117	112	1
117	109	1
117	110	1
119	47	1
119	46	1
119	48	1
119	100	1
119	108	1
119	73	1
119	104	1
119	103	1
119	101	1
119	113	1
119	20	1
119	16	1
119	17	1
119	21	1
119	70	1
119	69	1
119	1	1
119	68	1
119	67	1
119	61	1
119	42	1
119	63	1
119	39	1
119	120	1
119	84	1
119	112	1
119	109	1
119	110	1
47	46	1
47	48	1
47	100	1
47	108	1
47	73	1
47	104	1
47	103	1
47	101	1
47	113	1
47	20	1
47	16	1
47	17	1
47	21	1
47	70	1
47	69	1
47	1	1
47	68	1
47	67	1
47	61	1
47	42	1
47	63	1
47	39	1
47	120	1
47	84	1
47	112	1
47	109	1
47	110	1
46	48	1
46	100	1
46	108	1
46	73	1
46	104	1
46	103	1
46	101	1
46	113	1
46	20	1
46	16	1
46	17	1
46	21	1
46	70	1
46	69	1
46	1	1
46	68	1
46	67	1
46	61	1
46	42	1
46	63	1
46	39	1
46	120	1
46	84	1
46	112	1
46	109	1
46	110	1
48	100	1
48	108	1
48	73	1
48	104	1
48	103	1
48	101	1
48	113	1
48	20	1
48	16	1
48	17	1
48	21	1
48	70	1
48	69	1
48	1	1
48	68	1
48	67	1
48	61	1
48	42	1
48	63	1
48	39	1
48	120	1
48	84	1
48	112	1
48	109	1
48	110	1
100	108	1
100	73	1
100	104	1
100	103	1
100	101	1
100	113	1
100	20	1
100	16	1
100	17	1
100	21	1
100	70	1
100	69	1
100	1	1
100	68	1
100	67	1
100	61	1
100	42	1
100	63	1
100	39	1
100	120	1
100	84	1
100	112	1
100	109	1
100	110	1
108	73	1
108	104	1
108	103	1
108	101	1
108	113	1
108	20	1
108	16	1
108	17	1
108	21	1
108	70	1
108	69	1
108	1	1
108	68	1
108	67	1
108	61	1
108	42	1
108	63	1
108	39	1
108	120	1
108	84	1
108	112	1
108	109	1
108	110	1
73	104	1
73	103	1
73	101	1
73	113	1
73	20	1
73	16	1
73	17	1
73	21	1
73	70	1
73	69	1
73	1	1
73	68	1
73	67	1
73	61	1
73	42	1
73	63	1
73	39	1
73	120	1
73	84	1
73	112	1
73	109	1
73	110	1
104	103	1
104	101	1
104	113	1
104	20	1
104	16	1
104	17	1
104	21	1
104	70	1
104	69	1
104	1	1
104	68	1
104	67	1
104	61	1
104	42	1
104	63	1
104	39	1
104	120	1
104	84	1
104	112	1
104	109	1
104	110	1
103	101	1
103	113	1
103	20	1
103	16	1
103	17	1
103	21	1
103	70	1
103	69	1
103	1	1
103	68	1
103	67	1
103	61	1
103	42	1
103	63	1
103	39	1
103	120	1
103	84	1
103	112	1
103	109	1
103	110	1
101	113	1
101	20	1
101	16	1
101	17	1
101	21	1
101	70	1
101	69	1
101	1	1
101	68	1
101	67	1
101	61	1
101	42	1
101	63	1
101	39	1
101	120	1
101	84	1
101	112	1
101	109	1
101	110	1
113	20	1
113	16	1
113	17	1
113	21	1
113	70	1
113	69	1
113	1	1
113	68	1
113	67	1
113	61	1
113	42	1
113	63	1
113	39	1
113	120	1
113	84	1
113	112	1
113	109	1
113	110	1
20	16	1
20	17	1
20	21	1
20	70	1
20	69	1
20	1	1
20	68	1
20	67	1
20	61	1
20	42	1
20	63	1
20	39	1
20	120	1
20	84	1
20	112	1
20	109	1
20	110	1
16	17	1
16	21	1
16	70	1
16	69	1
16	1	1
16	68	1
16	67	1
16	61	1
16	42	1
16	63	1
16	39	1
16	120	1
16	84	1
16	112	1
16	109	1
16	110	1
17	21	1
17	70	1
17	69	1
17	1	1
17	68	1
17	67	1
17	61	1
17	42	1
17	63	1
17	39	1
17	120	1
17	84	1
17	112	1
17	109	1
17	110	1
21	70	1
21	69	1
21	1	1
21	68	1
21	67	1
21	61	1
21	42	1
21	63	1
21	39	1
21	120	1
21	84	1
21	112	1
21	109	1
21	110	1
70	69	1
70	1	1
70	68	1
70	67	1
70	61	1
70	42	1
70	63	1
70	39	1
70	120	1
70	84	1
70	112	1
70	109	1
70	110	1
69	1	1
69	68	1
69	67	1
69	61	1
69	42	1
69	63	1
69	39	1
69	120	1
69	84	1
69	112	1
69	109	1
69	110	1
1	68	1
1	67	1
1	61	1
1	42	1
1	63	1
1	39	1
1	120	1
1	84	1
1	112	1
1	109	1
1	110	1
68	67	1
68	61	1
68	42	1
68	63	1
68	39	1
68	120	1
68	84	1
68	112	1
68	109	1
68	110	1
67	61	1
67	42	1
67	63	1
67	39	1
67	120	1
67	84	1
67	112	1
67	109	1
67	110	1
61	42	1
61	63	1
61	39	1
61	120	1
61	84	1
61	112	1
61	109	1
61	110	1
42	63	1
42	39	1
42	120	1
42	84	1
42	112	1
42	109	1
42	110	1
63	39	1
63	120	1
63	84	1
63	112	1
63	109	1
63	110	1
39	120	1
39	84	1
39	112	1
39	109	1
39	110	1
120	84	1
120	112	1
120	109	1
120	110	1
84	112	1
84	109	1
84	110	1
112	109	1
112	110	1
109	110	1
