1	3	0.699186991869919
2	3	0.586720867208672
1	4	0.978319783197832
2	4	0.307588075880759
3	4	0.720867208672087
2	5	0.876693766937669
3	5	0.463414634146341
1	6	0.994579945799458
3	6	0.704607046070461
4	6	0.983739837398374
1	7	0.93360433604336
2	7	0.35230352303523
3	7	0.765582655826558
4	7	0.955284552845528
6	7	0.939024390243902
2	8	0.895663956639566
3	8	0.482384823848238
5	8	0.981029810298103
1	9	0.9579945799458
3	9	0.657181571815718
4	9	0.936314363143632
6	9	0.952574525745257
7	9	0.89159891598916
2	10	0.966124661246612
3	10	0.552845528455285
5	10	0.910569105691057
7	10	0.318428184281843
8	10	0.929539295392954
1	11	0.983739837398374
2	11	0.302168021680217
3	11	0.715447154471545
4	11	0.994579945799458
6	11	0.989159891598916
7	11	0.949864498644987
9	11	0.941734417344174
2	12	0.899728997289973
3	12	0.486449864498645
5	12	0.976964769647697
8	12	0.995934959349593
10	12	0.93360433604336
2	13	0.940379403794038
3	13	0.52710027100271
5	13	0.936314363143631
8	13	0.955284552845528
10	13	0.974254742547425
12	13	0.959349593495935
2	14	0.997289972899729
3	14	0.584010840108401
4	14	0.304878048780488
5	14	0.87940379403794
7	14	0.349593495934959
8	14	0.898373983739837
10	14	0.968834688346884
12	14	0.902439024390244
13	14	0.943089430894309
2	15	0.936314363143631
3	15	0.523035230352304
5	15	0.940379403794038
8	15	0.959349593495935
10	15	0.970189701897019
12	15	0.963414634146341
13	15	0.995934959349594
14	15	0.939024390243902
1	16	0.850948509485095
2	16	0.434959349593496
3	16	0.848238482384824
4	16	0.872628726287263
5	16	0.311653116531165
6	16	0.856368563685637
7	16	0.917344173441734
8	16	0.330623306233062
9	16	0.808943089430895
10	16	0.401084010840108
11	16	0.867208672086721
12	16	0.334688346883469
13	16	0.375338753387534
14	16	0.432249322493225
15	16	0.371273712737127
2	17	0.914634146341463
3	17	0.501355013550135
5	17	0.962059620596206
8	17	0.981029810298103
10	17	0.948509485094851
12	17	0.985094850948509
13	17	0.974254742547426
14	17	0.917344173441734
15	17	0.978319783197832
16	17	0.349593495934959
2	18	0.915989159891599
3	18	0.502710027100271
5	18	0.96070460704607
8	18	0.979674796747967
10	18	0.949864498644986
12	18	0.983739837398374
13	18	0.975609756097561
14	18	0.91869918699187
15	18	0.979674796747967
16	18	0.350948509485095
17	18	0.998644986449865
2	19	0.860433604336043
3	19	0.447154471544715
5	19	0.983739837398374
8	19	0.964769647696477
10	19	0.894308943089431
12	19	0.96070460704607
13	19	0.920054200542005
14	19	0.863143631436314
15	19	0.924119241192412
17	19	0.94579945799458
18	19	0.944444444444444
2	20	0.949864498644986
3	20	0.536585365853659
5	20	0.926829268292683
7	20	0.302168021680217
8	20	0.94579945799458
10	20	0.983739837398374
12	20	0.949864498644986
13	20	0.990514905149051
14	20	0.952574525745257
15	20	0.986449864498645
16	20	0.384823848238482
17	20	0.964769647696477
18	20	0.966124661246612
19	20	0.910569105691057
1	21	0.979674796747967
2	21	0.306233062330623
3	21	0.719512195121951
4	21	0.998644986449865
6	21	0.98509485094851
7	21	0.953929539295393
9	21	0.937669376693767
11	21	0.995934959349594
14	21	0.303523035230352
16	21	0.871273712737128
2	22	0.914634146341463
3	22	0.501355013550135
5	22	0.962059620596206
8	22	0.981029810298103
10	22	0.948509485094851
12	22	0.985094850948509
13	22	0.974254742547426
14	22	0.917344173441734
15	22	0.978319783197832
16	22	0.349593495934959
17	22	1
18	22	0.998644986449865
19	22	0.94579945799458
20	22	0.964769647696477
1	23	0.447154471544715
2	23	0.838753387533875
3	23	0.747967479674797
4	23	0.468834688346883
5	23	0.715447154471545
6	23	0.452574525745258
7	23	0.513550135501355
8	23	0.734417344173442
9	23	0.405149051490515
10	23	0.804878048780488
11	23	0.463414634146342
12	23	0.738482384823848
13	23	0.779132791327913
14	23	0.836043360433604
15	23	0.775067750677507
16	23	0.596205962059621
17	23	0.753387533875339
18	23	0.754742547425474
19	23	0.699186991869919
20	23	0.788617886178862
21	23	0.467479674796748
22	23	0.753387533875339
2	24	0.91869918699187
3	24	0.505420054200542
5	24	0.957994579945799
8	24	0.976964769647696
10	24	0.952574525745257
12	24	0.981029810298103
13	24	0.978319783197832
14	24	0.921409214092141
15	24	0.982384823848238
16	24	0.353658536585366
17	24	0.995934959349593
18	24	0.997289972899729
19	24	0.941734417344173
20	24	0.968834688346884
22	24	0.995934959349593
23	24	0.757452574525745
2	25	0.924119241192412
3	25	0.510840108401084
5	25	0.952574525745257
8	25	0.971544715447154
10	25	0.9579945799458
12	25	0.975609756097561
13	25	0.983739837398374
14	25	0.926829268292683
15	25	0.98780487804878
16	25	0.359078590785908
17	25	0.990514905149051
18	25	0.991869918699187
19	25	0.936314363143631
20	25	0.974254742547426
22	25	0.990514905149051
23	25	0.762872628726287
24	25	0.994579945799458
2	26	0.895663956639566
3	26	0.482384823848238
5	26	0.981029810298103
8	26	1
10	26	0.929539295392954
12	26	0.995934959349593
13	26	0.955284552845528
14	26	0.898373983739837
15	26	0.959349593495935
16	26	0.330623306233062
17	26	0.981029810298103
18	26	0.979674796747967
19	26	0.964769647696477
20	26	0.94579945799458
22	26	0.981029810298103
23	26	0.734417344173442
24	26	0.976964769647696
25	26	0.971544715447154
2	27	0.860433604336043
3	27	0.447154471544715
5	27	0.983739837398374
8	27	0.964769647696477
10	27	0.894308943089431
12	27	0.96070460704607
13	27	0.920054200542005
14	27	0.863143631436314
15	27	0.924119241192412
17	27	0.94579945799458
18	27	0.944444444444444
19	27	1
20	27	0.910569105691057
22	27	0.94579945799458
23	27	0.699186991869919
24	27	0.941734417344173
25	27	0.936314363143631
26	27	0.964769647696477
1	28	0.949864498644986
2	28	0.336043360433604
3	28	0.749322493224932
4	28	0.971544715447154
6	28	0.955284552845528
7	28	0.983739837398374
9	28	0.907859078590786
10	28	0.302168021680217
11	28	0.966124661246612
14	28	0.333333333333333
16	28	0.901084010840109
21	28	0.970189701897019
23	28	0.497289972899729
1	29	0.903794037940379
3	29	0.602981029810298
4	29	0.882113821138211
6	29	0.898373983739837
7	29	0.83739837398374
9	29	0.94579945799458
11	29	0.887533875338753
16	29	0.754742547425474
21	29	0.883468834688347
23	29	0.350948509485095
28	29	0.853658536585366
2	30	0.928184281842818
3	30	0.51490514905149
5	30	0.948509485094851
8	30	0.967479674796748
10	30	0.962059620596206
12	30	0.971544715447154
13	30	0.98780487804878
14	30	0.930894308943089
15	30	0.991869918699187
16	30	0.363143631436314
17	30	0.986449864498645
18	30	0.98780487804878
19	30	0.932249322493225
20	30	0.978319783197832
22	30	0.986449864498645
23	30	0.766937669376694
24	30	0.990514905149052
25	30	0.995934959349594
26	30	0.967479674796748
27	30	0.932249322493225
1	31	0.998644986449865
3	31	0.697831978319783
4	31	0.976964769647697
6	31	0.993224932249322
7	31	0.932249322493225
9	31	0.959349593495935
11	31	0.982384823848238
16	31	0.849593495934959
21	31	0.978319783197832
23	31	0.44579945799458
28	31	0.948509485094851
29	31	0.905149051490515
2	32	0.948509485094851
3	32	0.535230352303523
5	32	0.928184281842818
7	32	0.300813008130081
8	32	0.947154471544715
10	32	0.982384823848238
12	32	0.951219512195122
13	32	0.991869918699187
14	32	0.951219512195122
15	32	0.98780487804878
16	32	0.383468834688347
17	32	0.966124661246612
18	32	0.967479674796748
19	32	0.911924119241192
20	32	0.998644986449865
22	32	0.966124661246612
23	32	0.787262872628726
24	32	0.970189701897019
25	32	0.975609756097561
26	32	0.947154471544715
27	32	0.911924119241192
30	32	0.979674796747967
1	33	0.307588075880759
2	33	0.978319783197832
3	33	0.60840108401084
4	33	0.329268292682927
5	33	0.855013550135501
6	33	0.313008130081301
7	33	0.373983739837398
8	33	0.873983739837398
10	33	0.944444444444444
11	33	0.323848238482385
12	33	0.878048780487805
13	33	0.91869918699187
14	33	0.975609756097561
15	33	0.914634146341463
16	33	0.456639566395664
17	33	0.892953929539295
18	33	0.894308943089431
19	33	0.838753387533875
20	33	0.928184281842818
21	33	0.327913279132791
22	33	0.892953929539295
23	33	0.860433604336043
24	33	0.897018970189702
25	33	0.902439024390244
26	33	0.873983739837398
27	33	0.838753387533875
28	33	0.357723577235772
30	33	0.90650406504065
31	33	0.306233062330623
32	33	0.926829268292683
2	34	0.995934959349593
3	34	0.582655826558266
4	34	0.303523035230352
5	34	0.880758807588076
7	34	0.348238482384824
8	34	0.899728997289973
10	34	0.970189701897019
12	34	0.903794037940379
13	34	0.944444444444444
14	34	0.998644986449865
15	34	0.940379403794038
16	34	0.430894308943089
17	34	0.91869918699187
18	34	0.920054200542005
19	34	0.86449864498645
20	34	0.953929539295393
21	34	0.302168021680217
22	34	0.91869918699187
23	34	0.834688346883469
24	34	0.922764227642277
25	34	0.928184281842819
26	34	0.899728997289973
27	34	0.86449864498645
28	34	0.331978319783198
30	34	0.932249322493225
32	34	0.952574525745257
33	34	0.974254742547425
2	35	0.87940379403794
3	35	0.466124661246613
5	35	0.997289972899729
8	35	0.983739837398374
10	35	0.913279132791328
12	35	0.979674796747968
13	35	0.939024390243902
14	35	0.882113821138211
15	35	0.943089430894309
16	35	0.314363143631436
17	35	0.964769647696477
18	35	0.963414634146342
19	35	0.981029810298103
20	35	0.929539295392954
22	35	0.964769647696477
23	35	0.718157181571816
24	35	0.96070460704607
25	35	0.955284552845528
26	35	0.983739837398374
27	35	0.981029810298103
30	35	0.951219512195122
32	35	0.930894308943089
33	35	0.857723577235772
34	35	0.883468834688347
2	36	0.821138211382114
3	36	0.407859078590786
5	36	0.944444444444444
8	36	0.925474254742547
10	36	0.855013550135501
12	36	0.921409214092141
13	36	0.880758807588076
14	36	0.823848238482385
15	36	0.884823848238482
17	36	0.90650406504065
18	36	0.905149051490515
19	36	0.96070460704607
20	36	0.871273712737127
22	36	0.90650406504065
23	36	0.659891598915989
24	36	0.902439024390244
25	36	0.897018970189702
26	36	0.925474254742547
27	36	0.96070460704607
30	36	0.892953929539295
32	36	0.872628726287263
33	36	0.799457994579946
34	36	0.82520325203252
35	36	0.941734417344173
2	37	0.910569105691057
3	37	0.497289972899729
5	37	0.966124661246612
8	37	0.985094850948509
10	37	0.944444444444444
12	37	0.989159891598916
13	37	0.970189701897019
14	37	0.913279132791328
15	37	0.974254742547425
16	37	0.345528455284553
17	37	0.995934959349593
18	37	0.994579945799458
19	37	0.949864498644986
20	37	0.96070460704607
22	37	0.995934959349593
23	37	0.749322493224932
24	37	0.991869918699187
25	37	0.986449864498645
26	37	0.985094850948509
27	37	0.949864498644986
30	37	0.982384823848238
32	37	0.962059620596206
33	37	0.888888888888889
34	37	0.914634146341463
35	37	0.968834688346884
36	37	0.910569105691057
2	38	0.932249322493225
3	38	0.518970189701897
5	38	0.944444444444444
8	38	0.963414634146341
10	38	0.966124661246612
12	38	0.967479674796748
13	38	0.991869918699187
14	38	0.934959349593496
15	38	0.995934959349593
16	38	0.367208672086721
17	38	0.982384823848238
18	38	0.983739837398374
19	38	0.928184281842818
20	38	0.982384823848238
22	38	0.982384823848238
23	38	0.7710027100271
24	38	0.986449864498645
25	38	0.991869918699187
26	38	0.963414634146341
27	38	0.928184281842818
30	38	0.995934959349593
32	38	0.983739837398374
33	38	0.910569105691057
34	38	0.936314363143631
35	38	0.947154471544716
36	38	0.888888888888889
37	38	0.978319783197832
2	39	0.959349593495935
3	39	0.546070460704607
5	39	0.917344173441734
7	39	0.311653116531165
8	39	0.936314363143631
10	39	0.993224932249323
12	39	0.940379403794038
13	39	0.981029810298103
14	39	0.962059620596206
15	39	0.976964769647697
16	39	0.394308943089431
17	39	0.955284552845528
18	39	0.956639566395664
19	39	0.901084010840108
20	39	0.990514905149051
22	39	0.955284552845528
23	39	0.79810298102981
24	39	0.959349593495935
25	39	0.964769647696477
26	39	0.936314363143631
27	39	0.901084010840108
30	39	0.968834688346883
32	39	0.989159891598916
33	39	0.937669376693767
34	39	0.963414634146342
35	39	0.920054200542005
36	39	0.861788617886179
37	39	0.951219512195122
38	39	0.97289972899729
2	40	0.883468834688347
3	40	0.470189701897019
5	40	0.993224932249323
8	40	0.98780487804878
10	40	0.917344173441734
12	40	0.983739837398374
13	40	0.943089430894309
14	40	0.886178861788618
15	40	0.947154471544715
16	40	0.318428184281843
17	40	0.968834688346883
18	40	0.967479674796748
19	40	0.976964769647697
20	40	0.93360433604336
22	40	0.968834688346883
23	40	0.722222222222222
24	40	0.964769647696477
25	40	0.959349593495935
26	40	0.98780487804878
27	40	0.976964769647697
30	40	0.955284552845528
32	40	0.934959349593496
33	40	0.861788617886179
34	40	0.887533875338753
35	40	0.995934959349594
36	40	0.937669376693767
37	40	0.97289972899729
38	40	0.951219512195122
39	40	0.924119241192412
2	41	0.968834688346883
3	41	0.555555555555556
5	41	0.907859078590786
7	41	0.321138211382114
8	41	0.926829268292683
10	41	0.997289972899729
12	41	0.930894308943089
13	41	0.971544715447154
14	41	0.971544715447154
15	41	0.967479674796748
16	41	0.403794037940379
17	41	0.94579945799458
18	41	0.947154471544716
19	41	0.89159891598916
20	41	0.981029810298103
22	41	0.94579945799458
23	41	0.807588075880759
24	41	0.949864498644987
25	41	0.955284552845529
26	41	0.926829268292683
27	41	0.89159891598916
28	41	0.304878048780488
30	41	0.959349593495935
32	41	0.979674796747968
33	41	0.947154471544715
34	41	0.97289972899729
35	41	0.910569105691057
36	41	0.85230352303523
37	41	0.941734417344174
38	41	0.963414634146342
39	41	0.990514905149052
40	41	0.914634146341463
1	42	0.395663956639566
2	42	0.890243902439024
3	42	0.696476964769648
4	42	0.417344173441734
5	42	0.766937669376694
6	42	0.401084010840108
7	42	0.462059620596206
8	42	0.785907859078591
9	42	0.353658536585366
10	42	0.856368563685637
11	42	0.411924119241192
12	42	0.789972899728997
13	42	0.830623306233062
14	42	0.887533875338753
15	42	0.826558265582656
16	42	0.544715447154471
17	42	0.804878048780488
18	42	0.806233062330623
19	42	0.750677506775068
20	42	0.840108401084011
21	42	0.415989159891599
22	42	0.804878048780488
23	42	0.948509485094851
24	42	0.808943089430894
25	42	0.814363143631436
26	42	0.785907859078591
27	42	0.750677506775068
28	42	0.44579945799458
30	42	0.818428184281843
31	42	0.394308943089431
32	42	0.838753387533875
33	42	0.911924119241192
34	42	0.886178861788618
35	42	0.769647696476965
36	42	0.711382113821138
37	42	0.800813008130081
38	42	0.822493224932249
39	42	0.849593495934959
40	42	0.773712737127371
41	42	0.859078590785908
2	43	0.989159891598916
3	43	0.597560975609756
4	43	0.318428184281843
5	43	0.865853658536585
6	43	0.302168021680217
7	43	0.363143631436314
8	43	0.884823848238482
10	43	0.955284552845528
11	43	0.313008130081301
12	43	0.888888888888889
13	43	0.929539295392954
14	43	0.986449864498645
15	43	0.925474254742547
16	43	0.44579945799458
17	43	0.903794037940379
18	43	0.905149051490515
19	43	0.849593495934959
20	43	0.939024390243902
21	43	0.317073170731707
22	43	0.903794037940379
23	43	0.849593495934959
24	43	0.907859078590786
25	43	0.913279132791328
26	43	0.884823848238482
27	43	0.849593495934959
28	43	0.346883468834688
30	43	0.917344173441734
32	43	0.937669376693767
33	43	0.989159891598916
34	43	0.985094850948509
35	43	0.868563685636856
36	43	0.81029810298103
37	43	0.899728997289973
38	43	0.921409214092141
39	43	0.948509485094851
40	43	0.872628726287263
41	43	0.957994579945799
42	43	0.901084010840108
2	44	0.882113821138211
3	44	0.468834688346883
5	44	0.994579945799458
8	44	0.986449864498645
10	44	0.915989159891599
12	44	0.982384823848238
13	44	0.941734417344174
14	44	0.884823848238482
15	44	0.94579945799458
16	44	0.317073170731707
17	44	0.967479674796748
18	44	0.966124661246612
19	44	0.978319783197832
20	44	0.932249322493225
22	44	0.967479674796748
23	44	0.720867208672087
24	44	0.963414634146341
25	44	0.957994579945799
26	44	0.986449864498645
27	44	0.978319783197832
30	44	0.953929539295393
32	44	0.93360433604336
33	44	0.860433604336043
34	44	0.886178861788618
35	44	0.997289972899729
36	44	0.939024390243902
37	44	0.971544715447154
38	44	0.949864498644986
39	44	0.922764227642276
40	44	0.998644986449865
41	44	0.913279132791328
42	44	0.772357723577236
43	44	0.871273712737127
1	45	0.989159891598916
3	45	0.710027100271003
4	45	0.989159891598916
6	45	0.994579945799458
7	45	0.944444444444444
9	45	0.947154471544716
11	45	0.994579945799458
16	45	0.861788617886179
21	45	0.990514905149051
23	45	0.457994579945799
28	45	0.96070460704607
29	45	0.892953929539296
31	45	0.98780487804878
33	45	0.318428184281843
42	45	0.40650406504065
43	45	0.307588075880759
1	46	0.990514905149051
3	46	0.708672086720867
4	46	0.98780487804878
6	46	0.995934959349594
7	46	0.943089430894309
9	46	0.948509485094851
11	46	0.993224932249322
16	46	0.860433604336043
21	46	0.989159891598916
23	46	0.456639566395664
28	46	0.959349593495935
29	46	0.894308943089431
31	46	0.989159891598916
33	46	0.317073170731707
42	46	0.405149051490515
43	46	0.306233062330623
45	46	0.998644986449865
1	47	0.932249322493225
3	47	0.631436314363144
4	47	0.910569105691057
6	47	0.926829268292683
7	47	0.865853658536585
9	47	0.974254742547425
11	47	0.915989159891599
16	47	0.78319783197832
21	47	0.911924119241192
23	47	0.37940379403794
28	47	0.882113821138211
29	47	0.971544715447155
31	47	0.93360433604336
42	47	0.327913279132791
45	47	0.921409214092141
46	47	0.922764227642276
1	48	0.960704607046071
3	48	0.659891598915989
4	48	0.939024390243902
6	48	0.955284552845528
7	48	0.894308943089431
9	48	0.997289972899729
11	48	0.944444444444444
16	48	0.811653116531165
21	48	0.940379403794038
23	48	0.407859078590786
28	48	0.910569105691057
29	48	0.943089430894309
31	48	0.962059620596206
42	48	0.356368563685637
45	48	0.949864498644987
46	48	0.951219512195122
47	48	0.971544715447154
2	49	0.880758807588076
3	49	0.467479674796748
5	49	0.995934959349593
8	49	0.98509485094851
10	49	0.914634146341463
12	49	0.981029810298103
13	49	0.940379403794038
14	49	0.883468834688347
15	49	0.944444444444444
16	49	0.315718157181572
17	49	0.966124661246612
18	49	0.964769647696477
19	49	0.979674796747967
20	49	0.930894308943089
22	49	0.966124661246612
23	49	0.719512195121951
24	49	0.962059620596206
25	49	0.956639566395664
26	49	0.98509485094851
27	49	0.979674796747967
30	49	0.952574525745257
32	49	0.932249322493225
33	49	0.859078590785908
34	49	0.884823848238482
35	49	0.998644986449865
36	49	0.940379403794038
37	49	0.970189701897019
38	49	0.948509485094851
39	49	0.921409214092141
40	49	0.997289972899729
41	49	0.911924119241192
42	49	0.7710027100271
43	49	0.869918699186992
44	49	0.998644986449865
1	50	0.892953929539296
3	50	0.592140921409214
4	50	0.871273712737128
6	50	0.887533875338753
7	50	0.826558265582656
9	50	0.934959349593496
11	50	0.876693766937669
16	50	0.74390243902439
21	50	0.872628726287263
23	50	0.340108401084011
28	50	0.842818428184282
29	50	0.989159891598916
31	50	0.894308943089431
45	50	0.882113821138211
46	50	0.883468834688347
47	50	0.960704607046071
48	50	0.932249322493225
2	51	0.990514905149051
3	51	0.577235772357723
5	51	0.886178861788618
7	51	0.342818428184282
8	51	0.905149051490515
10	51	0.975609756097561
12	51	0.909214092140921
13	51	0.949864498644986
14	51	0.993224932249323
15	51	0.94579945799458
16	51	0.425474254742547
17	51	0.924119241192412
18	51	0.925474254742547
19	51	0.869918699186992
20	51	0.959349593495935
22	51	0.924119241192412
23	51	0.829268292682927
24	51	0.928184281842819
25	51	0.933604336043361
26	51	0.905149051490515
27	51	0.869918699186992
28	51	0.326558265582656
30	51	0.937669376693767
32	51	0.9579945799458
33	51	0.968834688346883
34	51	0.994579945799458
35	51	0.888888888888889
36	51	0.830623306233062
37	51	0.920054200542005
38	51	0.941734417344174
39	51	0.968834688346884
40	51	0.892953929539295
41	51	0.978319783197832
42	51	0.880758807588076
43	51	0.979674796747967
44	51	0.89159891598916
49	51	0.890243902439024
1	52	0.986449864498645
3	52	0.685636856368564
4	52	0.964769647696477
6	52	0.981029810298103
7	52	0.920054200542005
9	52	0.971544715447155
11	52	0.970189701897019
16	52	0.83739837398374
21	52	0.966124661246612
23	52	0.43360433604336
28	52	0.936314363143631
29	52	0.917344173441734
31	52	0.98780487804878
42	52	0.382113821138211
45	52	0.975609756097561
46	52	0.976964769647697
47	52	0.94579945799458
48	52	0.974254742547426
50	52	0.906504065040651
1	53	0.951219512195122
2	53	0.334688346883469
3	53	0.747967479674797
4	53	0.97289972899729
6	53	0.956639566395664
7	53	0.982384823848239
9	53	0.909214092140921
10	53	0.300813008130081
11	53	0.967479674796748
14	53	0.331978319783198
16	53	0.899728997289973
21	53	0.971544715447154
23	53	0.495934959349594
28	53	0.998644986449865
29	53	0.855013550135501
31	53	0.949864498644986
33	53	0.356368563685637
34	53	0.330623306233062
41	53	0.303523035230352
42	53	0.444444444444445
43	53	0.345528455284553
45	53	0.962059620596206
46	53	0.96070460704607
47	53	0.883468834688347
48	53	0.911924119241192
50	53	0.844173441734417
51	53	0.32520325203252
52	53	0.937669376693767
2	54	0.959349593495935
3	54	0.546070460704607
5	54	0.917344173441734
7	54	0.311653116531165
8	54	0.936314363143631
10	54	0.993224932249323
12	54	0.940379403794038
13	54	0.981029810298103
14	54	0.962059620596206
15	54	0.976964769647697
16	54	0.394308943089431
17	54	0.955284552845528
18	54	0.956639566395664
19	54	0.901084010840108
20	54	0.990514905149051
22	54	0.955284552845528
23	54	0.79810298102981
24	54	0.959349593495935
25	54	0.964769647696477
26	54	0.936314363143631
27	54	0.901084010840108
30	54	0.968834688346883
32	54	0.989159891598916
33	54	0.937669376693767
34	54	0.963414634146342
35	54	0.920054200542005
36	54	0.861788617886179
37	54	0.951219512195122
38	54	0.97289972899729
39	54	1
40	54	0.924119241192412
41	54	0.990514905149052
42	54	0.849593495934959
43	54	0.948509485094851
44	54	0.922764227642276
49	54	0.921409214092141
51	54	0.968834688346884
2	55	0.964769647696477
3	55	0.551490514905149
5	55	0.911924119241192
7	55	0.317073170731707
8	55	0.930894308943089
10	55	0.998644986449865
12	55	0.934959349593496
13	55	0.975609756097561
14	55	0.967479674796748
15	55	0.971544715447154
16	55	0.399728997289973
17	55	0.949864498644986
18	55	0.951219512195122
19	55	0.895663956639566
20	55	0.985094850948509
22	55	0.949864498644986
23	55	0.803523035230352
24	55	0.953929539295393
25	55	0.959349593495935
26	55	0.930894308943089
27	55	0.895663956639566
28	55	0.300813008130081
30	55	0.963414634146341
32	55	0.983739837398374
33	55	0.943089430894309
34	55	0.968834688346884
35	55	0.914634146341463
36	55	0.856368563685637
37	55	0.94579945799458
38	55	0.967479674796748
39	55	0.994579945799458
40	55	0.91869918699187
41	55	0.995934959349594
42	55	0.855013550135501
43	55	0.953929539295393
44	55	0.917344173441734
49	55	0.915989159891599
51	55	0.974254742547426
54	55	0.994579945799458
1	56	0.901084010840108
2	56	0.384823848238482
3	56	0.79810298102981
4	56	0.922764227642276
6	56	0.906504065040651
7	56	0.967479674796748
9	56	0.859078590785908
10	56	0.350948509485095
11	56	0.917344173441734
13	56	0.32520325203252
14	56	0.382113821138211
15	56	0.321138211382114
16	56	0.949864498644987
18	56	0.300813008130081
20	56	0.334688346883469
21	56	0.921409214092141
23	56	0.546070460704607
24	56	0.303523035230352
25	56	0.308943089430894
28	56	0.951219512195122
29	56	0.804878048780488
30	56	0.313008130081301
31	56	0.899728997289973
32	56	0.333333333333333
33	56	0.40650406504065
34	56	0.380758807588076
38	56	0.317073170731707
39	56	0.344173441734417
41	56	0.353658536585366
42	56	0.494579945799458
43	56	0.395663956639566
45	56	0.911924119241192
46	56	0.910569105691057
47	56	0.833333333333333
48	56	0.861788617886179
50	56	0.794037940379404
51	56	0.375338753387534
52	56	0.887533875338753
53	56	0.949864498644987
54	56	0.344173441734417
55	56	0.349593495934959
2	57	0.897018970189702
3	57	0.483739837398374
5	57	0.979674796747967
8	57	0.998644986449864
10	57	0.930894308943089
12	57	0.997289972899729
13	57	0.956639566395664
14	57	0.899728997289973
15	57	0.96070460704607
16	57	0.331978319783198
17	57	0.982384823848238
18	57	0.981029810298103
19	57	0.963414634146341
20	57	0.947154471544716
22	57	0.982384823848238
23	57	0.735772357723577
24	57	0.978319783197832
25	57	0.97289972899729
26	57	0.998644986449864
27	57	0.963414634146341
30	57	0.968834688346884
32	57	0.948509485094851
33	57	0.875338753387534
34	57	0.901084010840108
35	57	0.982384823848238
36	57	0.924119241192412
37	57	0.986449864498645
38	57	0.964769647696477
39	57	0.937669376693767
40	57	0.986449864498645
41	57	0.928184281842819
42	57	0.787262872628726
43	57	0.886178861788618
44	57	0.985094850948509
49	57	0.983739837398374
51	57	0.906504065040651
54	57	0.937669376693767
55	57	0.932249322493225
1	58	0.539295392953929
2	58	0.746612466124661
3	58	0.840108401084011
4	58	0.560975609756098
5	58	0.623306233062331
6	58	0.544715447154472
7	58	0.605691056910569
8	58	0.642276422764228
9	58	0.497289972899729
10	58	0.712737127371274
11	58	0.555555555555556
12	58	0.646341463414634
13	58	0.686991869918699
14	58	0.74390243902439
15	58	0.682926829268293
16	58	0.688346883468835
17	58	0.661246612466125
18	58	0.66260162601626
19	58	0.607046070460705
20	58	0.696476964769648
21	58	0.559620596205962
22	58	0.661246612466125
23	58	0.907859078590786
24	58	0.665311653116531
25	58	0.670731707317073
26	58	0.642276422764228
27	58	0.607046070460705
28	58	0.589430894308943
29	58	0.443089430894309
30	58	0.67479674796748
31	58	0.537940379403794
32	58	0.695121951219512
33	58	0.768292682926829
34	58	0.742547425474255
35	58	0.626016260162602
36	58	0.567750677506775
37	58	0.657181571815718
38	58	0.678861788617886
39	58	0.705962059620596
40	58	0.630081300813008
41	58	0.715447154471545
42	58	0.856368563685637
43	58	0.757452574525745
44	58	0.628726287262873
45	58	0.550135501355014
46	58	0.548780487804878
47	58	0.471544715447154
48	58	0.5
49	58	0.627371273712737
50	58	0.432249322493225
51	58	0.737127371273713
52	58	0.525745257452574
53	58	0.588075880758808
54	58	0.705962059620596
55	58	0.711382113821138
56	58	0.638211382113821
57	58	0.643631436314363
2	59	0.897018970189702
3	59	0.483739837398374
5	59	0.979674796747967
8	59	0.998644986449864
10	59	0.930894308943089
12	59	0.997289972899729
13	59	0.956639566395664
14	59	0.899728997289973
15	59	0.96070460704607
16	59	0.331978319783198
17	59	0.982384823848238
18	59	0.981029810298103
19	59	0.963414634146341
20	59	0.947154471544716
22	59	0.982384823848238
23	59	0.735772357723577
24	59	0.978319783197832
25	59	0.97289972899729
26	59	0.998644986449864
27	59	0.963414634146341
30	59	0.968834688346884
32	59	0.948509485094851
33	59	0.875338753387534
34	59	0.901084010840108
35	59	0.982384823848238
36	59	0.924119241192412
37	59	0.986449864498645
38	59	0.964769647696477
39	59	0.937669376693767
40	59	0.986449864498645
41	59	0.928184281842819
42	59	0.787262872628726
43	59	0.886178861788618
44	59	0.985094850948509
49	59	0.983739837398374
51	59	0.906504065040651
54	59	0.937669376693767
55	59	0.932249322493225
57	59	1
58	59	0.643631436314363
2	60	0.897018970189702
3	60	0.483739837398374
5	60	0.979674796747967
8	60	0.998644986449864
10	60	0.930894308943089
12	60	0.997289972899729
13	60	0.956639566395664
14	60	0.899728997289973
15	60	0.96070460704607
16	60	0.331978319783198
17	60	0.982384823848238
18	60	0.981029810298103
19	60	0.963414634146341
20	60	0.947154471544716
22	60	0.982384823848238
23	60	0.735772357723577
24	60	0.978319783197832
25	60	0.97289972899729
26	60	0.998644986449864
27	60	0.963414634146341
30	60	0.968834688346884
32	60	0.948509485094851
33	60	0.875338753387534
34	60	0.901084010840108
35	60	0.982384823848238
36	60	0.924119241192412
37	60	0.986449864498645
38	60	0.964769647696477
39	60	0.937669376693767
40	60	0.986449864498645
41	60	0.928184281842819
42	60	0.787262872628726
43	60	0.886178861788618
44	60	0.985094850948509
49	60	0.983739837398374
51	60	0.906504065040651
54	60	0.937669376693767
55	60	0.932249322493225
57	60	1
58	60	0.643631436314363
59	60	1
2	61	0.897018970189702
3	61	0.483739837398374
5	61	0.979674796747967
8	61	0.998644986449864
10	61	0.930894308943089
12	61	0.997289972899729
13	61	0.956639566395664
14	61	0.899728997289973
15	61	0.96070460704607
16	61	0.331978319783198
17	61	0.982384823848238
18	61	0.981029810298103
19	61	0.963414634146341
20	61	0.947154471544716
22	61	0.982384823848238
23	61	0.735772357723577
24	61	0.978319783197832
25	61	0.97289972899729
26	61	0.998644986449864
27	61	0.963414634146341
30	61	0.968834688346884
32	61	0.948509485094851
33	61	0.875338753387534
34	61	0.901084010840108
35	61	0.982384823848238
36	61	0.924119241192412
37	61	0.986449864498645
38	61	0.964769647696477
39	61	0.937669376693767
40	61	0.986449864498645
41	61	0.928184281842819
42	61	0.787262872628726
43	61	0.886178861788618
44	61	0.985094850948509
49	61	0.983739837398374
51	61	0.906504065040651
54	61	0.937669376693767
55	61	0.932249322493225
57	61	1
58	61	0.643631436314363
59	61	1
60	61	1
2	62	0.940379403794038
3	62	0.52710027100271
5	62	0.936314363143631
8	62	0.955284552845528
10	62	0.974254742547425
12	62	0.959349593495935
13	62	1
14	62	0.943089430894309
15	62	0.995934959349594
16	62	0.375338753387534
17	62	0.974254742547426
18	62	0.975609756097561
19	62	0.920054200542005
20	62	0.990514905149051
22	62	0.974254742547426
23	62	0.779132791327913
24	62	0.978319783197832
25	62	0.983739837398374
26	62	0.955284552845528
27	62	0.920054200542005
30	62	0.98780487804878
32	62	0.991869918699187
33	62	0.91869918699187
34	62	0.944444444444444
35	62	0.939024390243902
36	62	0.880758807588076
37	62	0.970189701897019
38	62	0.991869918699187
39	62	0.981029810298103
40	62	0.943089430894309
41	62	0.971544715447154
42	62	0.830623306233062
43	62	0.929539295392954
44	62	0.941734417344174
49	62	0.940379403794038
51	62	0.949864498644986
54	62	0.981029810298103
55	62	0.975609756097561
56	62	0.32520325203252
57	62	0.956639566395664
58	62	0.686991869918699
59	62	0.956639566395664
60	62	0.956639566395664
61	62	0.956639566395664
2	63	0.939024390243902
3	63	0.525745257452574
5	63	0.937669376693767
8	63	0.956639566395664
10	63	0.97289972899729
12	63	0.96070460704607
13	63	0.998644986449865
14	63	0.941734417344174
15	63	0.997289972899729
16	63	0.373983739837398
17	63	0.975609756097561
18	63	0.976964769647697
19	63	0.921409214092141
20	63	0.989159891598916
22	63	0.975609756097561
23	63	0.777777777777778
24	63	0.979674796747968
25	63	0.98509485094851
26	63	0.956639566395664
27	63	0.921409214092141
30	63	0.989159891598916
32	63	0.990514905149051
33	63	0.917344173441734
34	63	0.943089430894309
35	63	0.940379403794038
36	63	0.882113821138211
37	63	0.971544715447154
38	63	0.993224932249323
39	63	0.979674796747967
40	63	0.944444444444444
41	63	0.970189701897019
42	63	0.829268292682927
43	63	0.928184281842818
44	63	0.943089430894309
49	63	0.941734417344174
51	63	0.948509485094851
54	63	0.979674796747967
55	63	0.974254742547425
56	63	0.323848238482385
57	63	0.9579945799458
58	63	0.685636856368564
59	63	0.9579945799458
60	63	0.9579945799458
61	63	0.9579945799458
62	63	0.998644986449865
2	64	0.994579945799458
3	64	0.592140921409214
4	64	0.313008130081301
5	64	0.871273712737127
7	64	0.357723577235772
8	64	0.890243902439024
10	64	0.96070460704607
11	64	0.307588075880759
12	64	0.894308943089431
13	64	0.934959349593496
14	64	0.991869918699187
15	64	0.930894308943089
16	64	0.440379403794038
17	64	0.909214092140921
18	64	0.910569105691057
19	64	0.855013550135501
20	64	0.944444444444444
21	64	0.311653116531165
22	64	0.909214092140921
23	64	0.844173441734417
24	64	0.913279132791328
25	64	0.91869918699187
26	64	0.890243902439024
27	64	0.855013550135501
28	64	0.341463414634146
30	64	0.922764227642276
32	64	0.943089430894309
33	64	0.983739837398374
34	64	0.990514905149051
35	64	0.873983739837398
36	64	0.815718157181572
37	64	0.905149051490515
38	64	0.926829268292683
39	64	0.953929539295393
40	64	0.878048780487805
41	64	0.963414634146341
42	64	0.895663956639566
43	64	0.994579945799458
44	64	0.876693766937669
45	64	0.302168021680217
46	64	0.300813008130081
49	64	0.875338753387534
51	64	0.985094850948509
53	64	0.340108401084011
54	64	0.953929539295393
55	64	0.959349593495935
56	64	0.390243902439024
57	64	0.89159891598916
58	64	0.752032520325203
59	64	0.89159891598916
60	64	0.89159891598916
61	64	0.89159891598916
62	64	0.934959349593496
63	64	0.93360433604336
2	65	0.930894308943089
3	65	0.517615176151762
5	65	0.94579945799458
8	65	0.964769647696477
10	65	0.964769647696477
12	65	0.968834688346883
13	65	0.990514905149052
14	65	0.933604336043361
15	65	0.994579945799458
16	65	0.365853658536585
17	65	0.983739837398374
18	65	0.985094850948509
19	65	0.929539295392954
20	65	0.981029810298103
22	65	0.983739837398374
23	65	0.769647696476965
24	65	0.98780487804878
25	65	0.993224932249323
26	65	0.964769647696477
27	65	0.929539295392954
30	65	0.997289972899729
32	65	0.982384823848238
33	65	0.909214092140921
34	65	0.934959349593496
35	65	0.948509485094851
36	65	0.890243902439024
37	65	0.979674796747967
38	65	0.998644986449865
39	65	0.971544715447154
40	65	0.952574525745257
41	65	0.962059620596206
42	65	0.821138211382114
43	65	0.920054200542005
44	65	0.951219512195122
49	65	0.949864498644986
51	65	0.940379403794038
54	65	0.971544715447154
55	65	0.966124661246612
56	65	0.315718157181572
57	65	0.966124661246612
58	65	0.677506775067751
59	65	0.966124661246612
60	65	0.966124661246612
61	65	0.966124661246612
62	65	0.990514905149052
63	65	0.991869918699187
64	65	0.925474254742547
1	66	0.516260162601626
2	66	0.769647696476965
3	66	0.817073170731707
4	66	0.537940379403794
5	66	0.646341463414634
6	66	0.521680216802168
7	66	0.582655826558266
8	66	0.665311653116531
9	66	0.474254742547426
10	66	0.735772357723577
11	66	0.532520325203252
12	66	0.669376693766938
13	66	0.710027100271003
14	66	0.766937669376694
15	66	0.705962059620596
16	66	0.665311653116531
17	66	0.684281842818428
18	66	0.685636856368564
19	66	0.630081300813008
20	66	0.719512195121951
21	66	0.536585365853659
22	66	0.684281842818428
23	66	0.930894308943089
24	66	0.688346883468835
25	66	0.693766937669377
26	66	0.665311653116531
27	66	0.630081300813008
28	66	0.56639566395664
29	66	0.420054200542005
30	66	0.697831978319783
31	66	0.51490514905149
32	66	0.718157181571816
33	66	0.791327913279133
34	66	0.765582655826558
35	66	0.649051490514905
36	66	0.590785907859078
37	66	0.680216802168022
38	66	0.70189701897019
39	66	0.7289972899729
40	66	0.653116531165312
41	66	0.738482384823848
42	66	0.87940379403794
43	66	0.780487804878049
44	66	0.651761517615176
45	66	0.52710027100271
46	66	0.525745257452574
47	66	0.448509485094851
48	66	0.476964769647697
49	66	0.650406504065041
50	66	0.409214092140922
51	66	0.760162601626016
52	66	0.502710027100271
53	66	0.565040650406504
54	66	0.7289972899729
55	66	0.734417344173442
56	66	0.615176151761518
57	66	0.666666666666667
58	66	0.976964769647697
59	66	0.666666666666667
60	66	0.666666666666667
61	66	0.666666666666667
62	66	0.710027100271003
63	66	0.708672086720867
64	66	0.775067750677507
65	66	0.700542005420054
2	67	0.964769647696477
3	67	0.551490514905149
5	67	0.911924119241192
7	67	0.317073170731707
8	67	0.930894308943089
10	67	0.998644986449865
12	67	0.934959349593496
13	67	0.975609756097561
14	67	0.967479674796748
15	67	0.971544715447154
16	67	0.399728997289973
17	67	0.949864498644986
18	67	0.951219512195122
19	67	0.895663956639566
20	67	0.985094850948509
22	67	0.949864498644986
23	67	0.803523035230352
24	67	0.953929539295393
25	67	0.959349593495935
26	67	0.930894308943089
27	67	0.895663956639566
28	67	0.300813008130081
30	67	0.963414634146341
32	67	0.983739837398374
33	67	0.943089430894309
34	67	0.968834688346884
35	67	0.914634146341463
36	67	0.856368563685637
37	67	0.94579945799458
38	67	0.967479674796748
39	67	0.994579945799458
40	67	0.91869918699187
41	67	0.995934959349594
42	67	0.855013550135501
43	67	0.953929539295393
44	67	0.917344173441734
49	67	0.915989159891599
51	67	0.974254742547426
54	67	0.994579945799458
55	67	1
56	67	0.349593495934959
57	67	0.932249322493225
58	67	0.711382113821138
59	67	0.932249322493225
60	67	0.932249322493225
61	67	0.932249322493225
62	67	0.975609756097561
63	67	0.974254742547425
64	67	0.959349593495935
65	67	0.966124661246612
66	67	0.734417344173442
1	68	0.817073170731707
2	68	0.468834688346883
3	68	0.882113821138211
4	68	0.838753387533875
5	68	0.345528455284553
6	68	0.82249322493225
7	68	0.883468834688347
8	68	0.36449864498645
9	68	0.775067750677507
10	68	0.434959349593496
11	68	0.833333333333333
12	68	0.368563685636856
13	68	0.409214092140921
14	68	0.466124661246612
15	68	0.405149051490515
16	68	0.966124661246612
17	68	0.383468834688347
18	68	0.384823848238482
19	68	0.329268292682927
20	68	0.41869918699187
21	68	0.83739837398374
22	68	0.383468834688347
23	68	0.630081300813008
24	68	0.387533875338753
25	68	0.392953929539295
26	68	0.36449864498645
27	68	0.329268292682927
28	68	0.867208672086721
29	68	0.720867208672087
30	68	0.397018970189702
31	68	0.815718157181572
32	68	0.417344173441734
33	68	0.490514905149051
34	68	0.464769647696477
35	68	0.348238482384824
37	68	0.37940379403794
38	68	0.401084010840108
39	68	0.428184281842818
40	68	0.35230352303523
41	68	0.437669376693767
42	68	0.578590785907859
43	68	0.479674796747967
44	68	0.350948509485095
45	68	0.827913279132791
46	68	0.826558265582656
47	68	0.749322493224932
48	68	0.777777777777778
49	68	0.349593495934959
50	68	0.710027100271003
51	68	0.459349593495935
52	68	0.803523035230352
53	68	0.865853658536586
54	68	0.428184281842818
55	68	0.43360433604336
56	68	0.915989159891599
57	68	0.365853658536585
58	68	0.722222222222222
59	68	0.365853658536585
60	68	0.365853658536585
61	68	0.365853658536585
62	68	0.409214092140921
63	68	0.407859078590786
64	68	0.474254742547425
65	68	0.399728997289973
66	68	0.699186991869919
67	68	0.43360433604336
1	69	0.976964769647697
2	69	0.308943089430894
3	69	0.722222222222222
4	69	0.998644986449865
6	69	0.982384823848239
7	69	0.956639566395664
9	69	0.934959349593496
11	69	0.993224932249323
14	69	0.306233062330623
16	69	0.873983739837398
21	69	0.997289972899729
23	69	0.470189701897019
28	69	0.97289972899729
29	69	0.880758807588076
31	69	0.975609756097561
33	69	0.330623306233062
34	69	0.304878048780488
42	69	0.41869918699187
43	69	0.319783197831978
45	69	0.98780487804878
46	69	0.986449864498645
47	69	0.909214092140921
48	69	0.937669376693767
50	69	0.869918699186992
52	69	0.963414634146342
53	69	0.974254742547425
56	69	0.924119241192412
58	69	0.562330623306233
64	69	0.314363143631436
66	69	0.539295392953929
68	69	0.840108401084011
1	70	0.976964769647697
2	70	0.308943089430894
3	70	0.722222222222222
4	70	0.998644986449865
6	70	0.982384823848239
7	70	0.956639566395664
9	70	0.934959349593496
11	70	0.993224932249323
14	70	0.306233062330623
16	70	0.873983739837398
21	70	0.997289972899729
23	70	0.470189701897019
28	70	0.97289972899729
29	70	0.880758807588076
31	70	0.975609756097561
33	70	0.330623306233062
34	70	0.304878048780488
42	70	0.41869918699187
43	70	0.319783197831978
45	70	0.98780487804878
46	70	0.986449864498645
47	70	0.909214092140921
48	70	0.937669376693767
50	70	0.869918699186992
52	70	0.963414634146342
53	70	0.974254742547425
56	70	0.924119241192412
58	70	0.562330623306233
64	70	0.314363143631436
66	70	0.539295392953929
68	70	0.840108401084011
69	70	1
2	71	0.850948509485095
3	71	0.437669376693767
5	71	0.974254742547426
8	71	0.955284552845529
10	71	0.884823848238482
12	71	0.951219512195122
13	71	0.910569105691057
14	71	0.853658536585366
15	71	0.914634146341463
17	71	0.936314363143631
18	71	0.934959349593496
19	71	0.990514905149052
20	71	0.901084010840108
22	71	0.936314363143631
23	71	0.68970189701897
24	71	0.932249322493225
25	71	0.926829268292683
26	71	0.955284552845529
27	71	0.990514905149052
30	71	0.922764227642277
32	71	0.902439024390244
33	71	0.829268292682927
34	71	0.855013550135501
35	71	0.971544715447154
36	71	0.970189701897019
37	71	0.940379403794038
38	71	0.91869918699187
39	71	0.89159891598916
40	71	0.967479674796748
41	71	0.882113821138211
42	71	0.741192411924119
43	71	0.840108401084011
44	71	0.968834688346884
49	71	0.970189701897019
51	71	0.860433604336043
54	71	0.89159891598916
55	71	0.886178861788618
57	71	0.953929539295393
58	71	0.597560975609756
59	71	0.953929539295393
60	71	0.953929539295393
61	71	0.953929539295393
62	71	0.910569105691057
63	71	0.911924119241192
64	71	0.845528455284553
65	71	0.920054200542005
66	71	0.62059620596206
67	71	0.886178861788618
68	71	0.319783197831978
1	72	0.986449864498645
3	72	0.712737127371274
4	72	0.991869918699187
6	72	0.991869918699187
7	72	0.947154471544715
9	72	0.944444444444445
11	72	0.997289972899729
16	72	0.86449864498645
21	72	0.993224932249322
23	72	0.46070460704607
28	72	0.963414634146341
29	72	0.890243902439025
31	72	0.98509485094851
33	72	0.321138211382114
42	72	0.409214092140921
43	72	0.31029810298103
45	72	0.997289972899729
46	72	0.995934959349594
47	72	0.91869918699187
48	72	0.947154471544716
50	72	0.879403794037941
52	72	0.97289972899729
53	72	0.964769647696477
56	72	0.914634146341463
58	72	0.552845528455284
64	72	0.304878048780488
66	72	0.529810298102981
68	72	0.830623306233062
69	72	0.990514905149051
70	72	0.990514905149051
2	73	0.907859078590786
3	73	0.494579945799458
5	73	0.968834688346883
8	73	0.98780487804878
10	73	0.941734417344174
12	73	0.991869918699187
13	73	0.967479674796748
14	73	0.910569105691057
15	73	0.971544715447154
16	73	0.342818428184282
17	73	0.993224932249323
18	73	0.991869918699187
19	73	0.952574525745257
20	73	0.9579945799458
22	73	0.993224932249323
23	73	0.746612466124661
24	73	0.989159891598916
25	73	0.983739837398374
26	73	0.98780487804878
27	73	0.952574525745257
30	73	0.979674796747968
32	73	0.959349593495935
33	73	0.886178861788618
34	73	0.911924119241192
35	73	0.971544715447154
36	73	0.913279132791328
37	73	0.997289972899729
38	73	0.975609756097561
39	73	0.948509485094851
40	73	0.975609756097561
41	73	0.939024390243902
42	73	0.79810298102981
43	73	0.897018970189702
44	73	0.974254742547425
49	73	0.97289972899729
51	73	0.917344173441734
54	73	0.948509485094851
55	73	0.943089430894309
57	73	0.989159891598916
58	73	0.654471544715447
59	73	0.989159891598916
60	73	0.989159891598916
61	73	0.989159891598916
62	73	0.967479674796748
63	73	0.968834688346884
64	73	0.902439024390244
65	73	0.976964769647697
66	73	0.677506775067751
67	73	0.943089430894309
68	73	0.376693766937669
71	73	0.943089430894309
1	74	0.314363143631436
2	74	0.971544715447154
3	74	0.615176151761518
4	74	0.336043360433604
5	74	0.848238482384824
6	74	0.319783197831978
7	74	0.380758807588076
8	74	0.867208672086721
10	74	0.937669376693767
11	74	0.330623306233062
12	74	0.871273712737127
13	74	0.911924119241192
14	74	0.968834688346883
15	74	0.907859078590786
16	74	0.463414634146341
17	74	0.886178861788618
18	74	0.887533875338753
19	74	0.831978319783198
20	74	0.921409214092141
21	74	0.334688346883469
22	74	0.886178861788618
23	74	0.867208672086721
24	74	0.890243902439024
25	74	0.895663956639566
26	74	0.867208672086721
27	74	0.831978319783198
28	74	0.36449864498645
30	74	0.899728997289973
31	74	0.313008130081301
32	74	0.920054200542005
33	74	0.993224932249323
34	74	0.967479674796748
35	74	0.850948509485095
36	74	0.792682926829268
37	74	0.882113821138211
38	74	0.903794037940379
39	74	0.930894308943089
40	74	0.855013550135501
41	74	0.940379403794038
42	74	0.91869918699187
43	74	0.982384823848238
44	74	0.853658536585366
45	74	0.32520325203252
46	74	0.323848238482385
49	74	0.85230352303523
51	74	0.962059620596206
52	74	0.300813008130081
53	74	0.363143631436314
54	74	0.930894308943089
55	74	0.936314363143631
56	74	0.413279132791328
57	74	0.868563685636856
58	74	0.775067750677507
59	74	0.868563685636856
60	74	0.868563685636856
61	74	0.868563685636856
62	74	0.911924119241192
63	74	0.910569105691057
64	74	0.976964769647697
65	74	0.902439024390244
66	74	0.79810298102981
67	74	0.936314363143631
68	74	0.497289972899729
69	74	0.33739837398374
70	74	0.33739837398374
71	74	0.822493224932249
72	74	0.327913279132791
73	74	0.87940379403794
1	75	0.995934959349594
3	75	0.695121951219512
4	75	0.974254742547426
6	75	0.990514905149051
7	75	0.929539295392954
9	75	0.962059620596206
11	75	0.979674796747967
16	75	0.846883468834688
21	75	0.975609756097561
23	75	0.443089430894309
28	75	0.94579945799458
29	75	0.907859078590786
31	75	0.997289972899729
33	75	0.303523035230352
42	75	0.39159891598916
45	75	0.98509485094851
46	75	0.986449864498645
47	75	0.936314363143631
48	75	0.964769647696477
50	75	0.897018970189702
52	75	0.990514905149051
53	75	0.947154471544715
56	75	0.897018970189702
58	75	0.535230352303523
66	75	0.51219512195122
68	75	0.813008130081301
69	75	0.97289972899729
70	75	0.97289972899729
72	75	0.982384823848239
74	75	0.31029810298103
1	76	0.989159891598916
3	76	0.710027100271003
4	76	0.989159891598916
6	76	0.994579945799458
7	76	0.944444444444444
9	76	0.947154471544716
11	76	0.994579945799458
16	76	0.861788617886179
21	76	0.990514905149051
23	76	0.457994579945799
28	76	0.96070460704607
29	76	0.892953929539296
31	76	0.98780487804878
33	76	0.318428184281843
42	76	0.40650406504065
43	76	0.307588075880759
45	76	1
46	76	0.998644986449865
47	76	0.921409214092141
48	76	0.949864498644987
50	76	0.882113821138211
52	76	0.975609756097561
53	76	0.962059620596206
56	76	0.911924119241192
58	76	0.550135501355014
64	76	0.302168021680217
66	76	0.52710027100271
68	76	0.827913279132791
69	76	0.98780487804878
70	76	0.98780487804878
72	76	0.997289972899729
74	76	0.32520325203252
75	76	0.98509485094851
1	77	0.39159891598916
2	77	0.894308943089431
3	77	0.692411924119241
4	77	0.413279132791328
5	77	0.7710027100271
6	77	0.397018970189702
7	77	0.457994579945799
8	77	0.789972899728997
9	77	0.349593495934959
10	77	0.860433604336043
11	77	0.407859078590786
12	77	0.794037940379404
13	77	0.834688346883469
14	77	0.89159891598916
15	77	0.830623306233062
16	77	0.540650406504065
17	77	0.808943089430894
18	77	0.81029810298103
19	77	0.754742547425474
20	77	0.844173441734417
21	77	0.411924119241192
22	77	0.808943089430894
23	77	0.944444444444444
24	77	0.813008130081301
25	77	0.818428184281843
26	77	0.789972899728997
27	77	0.754742547425474
28	77	0.441734417344174
30	77	0.822493224932249
31	77	0.390243902439024
32	77	0.842818428184282
33	77	0.915989159891599
34	77	0.890243902439024
35	77	0.773712737127371
36	77	0.715447154471545
37	77	0.804878048780488
38	77	0.826558265582656
39	77	0.853658536585366
40	77	0.777777777777778
41	77	0.863143631436314
42	77	0.995934959349594
43	77	0.905149051490515
44	77	0.776422764227642
45	77	0.402439024390244
46	77	0.401084010840108
47	77	0.323848238482385
48	77	0.35230352303523
49	77	0.775067750677507
51	77	0.884823848238482
52	77	0.378048780487805
53	77	0.440379403794038
54	77	0.853658536585366
55	77	0.859078590785908
56	77	0.490514905149051
57	77	0.791327913279133
58	77	0.85230352303523
59	77	0.791327913279133
60	77	0.791327913279133
61	77	0.791327913279133
62	77	0.834688346883469
63	77	0.833333333333333
64	77	0.899728997289973
65	77	0.82520325203252
66	77	0.875338753387534
67	77	0.859078590785908
68	77	0.574525745257452
69	77	0.414634146341463
70	77	0.414634146341463
71	77	0.745257452574526
72	77	0.405149051490515
73	77	0.802168021680217
74	77	0.922764227642276
75	77	0.387533875338753
76	77	0.402439024390244
2	78	0.922764227642276
3	78	0.509485094850949
5	78	0.953929539295393
8	78	0.97289972899729
10	78	0.956639566395664
12	78	0.976964769647697
13	78	0.982384823848238
14	78	0.925474254742547
15	78	0.986449864498645
16	78	0.357723577235772
17	78	0.991869918699187
18	78	0.993224932249323
19	78	0.937669376693767
20	78	0.97289972899729
22	78	0.991869918699187
23	78	0.761517615176152
24	78	0.995934959349594
25	78	0.998644986449864
26	78	0.97289972899729
27	78	0.937669376693767
30	78	0.994579945799458
32	78	0.974254742547425
33	78	0.901084010840108
34	78	0.926829268292683
35	78	0.956639566395664
36	78	0.898373983739837
37	78	0.98780487804878
38	78	0.990514905149051
39	78	0.963414634146341
40	78	0.96070460704607
41	78	0.953929539295393
42	78	0.813008130081301
43	78	0.911924119241192
44	78	0.959349593495935
49	78	0.9579945799458
51	78	0.932249322493225
54	78	0.963414634146341
55	78	0.957994579945799
56	78	0.307588075880759
57	78	0.974254742547426
58	78	0.669376693766938
59	78	0.974254742547426
60	78	0.974254742547426
61	78	0.974254742547426
62	78	0.982384823848238
63	78	0.983739837398374
64	78	0.917344173441734
65	78	0.991869918699187
66	78	0.692411924119241
67	78	0.957994579945799
68	78	0.39159891598916
71	78	0.928184281842819
73	78	0.98509485094851
74	78	0.894308943089431
77	78	0.817073170731707
1	79	0.796747967479675
2	79	0.489159891598916
3	79	0.902439024390244
4	79	0.818428184281843
5	79	0.365853658536585
6	79	0.802168021680217
7	79	0.863143631436314
8	79	0.384823848238482
9	79	0.754742547425474
10	79	0.455284552845528
11	79	0.813008130081301
12	79	0.388888888888889
13	79	0.429539295392954
14	79	0.486449864498645
15	79	0.425474254742547
16	79	0.94579945799458
17	79	0.403794037940379
18	79	0.405149051490515
19	79	0.349593495934959
20	79	0.439024390243902
21	79	0.817073170731707
22	79	0.403794037940379
23	79	0.650406504065041
24	79	0.407859078590786
25	79	0.413279132791328
26	79	0.384823848238482
27	79	0.349593495934959
28	79	0.846883468834688
29	79	0.700542005420054
30	79	0.417344173441734
31	79	0.795392953929539
32	79	0.437669376693767
33	79	0.510840108401084
34	79	0.485094850948509
35	79	0.368563685636856
36	79	0.31029810298103
37	79	0.399728997289973
38	79	0.421409214092141
39	79	0.448509485094851
40	79	0.372628726287263
41	79	0.457994579945799
42	79	0.598915989159891
43	79	0.5
44	79	0.371273712737127
45	79	0.807588075880759
46	79	0.806233062330623
47	79	0.7289972899729
48	79	0.757452574525745
49	79	0.369918699186992
50	79	0.68970189701897
51	79	0.479674796747967
52	79	0.78319783197832
53	79	0.845528455284553
54	79	0.448509485094851
55	79	0.453929539295393
56	79	0.895663956639566
57	79	0.386178861788618
58	79	0.742547425474255
59	79	0.386178861788618
60	79	0.386178861788618
61	79	0.386178861788618
62	79	0.429539295392954
63	79	0.428184281842818
64	79	0.494579945799458
65	79	0.420054200542005
66	79	0.719512195121951
67	79	0.453929539295393
68	79	0.979674796747967
69	79	0.819783197831978
70	79	0.819783197831978
71	79	0.340108401084011
72	79	0.81029810298103
73	79	0.397018970189702
74	79	0.517615176151761
75	79	0.792682926829268
76	79	0.807588075880759
77	79	0.594850948509485
78	79	0.411924119241192
2	80	0.883468834688347
3	80	0.470189701897019
5	80	0.993224932249323
8	80	0.98780487804878
10	80	0.917344173441734
12	80	0.983739837398374
13	80	0.943089430894309
14	80	0.886178861788618
15	80	0.947154471544715
16	80	0.318428184281843
17	80	0.968834688346883
18	80	0.967479674796748
19	80	0.976964769647697
20	80	0.93360433604336
22	80	0.968834688346883
23	80	0.722222222222222
24	80	0.964769647696477
25	80	0.959349593495935
26	80	0.98780487804878
27	80	0.976964769647697
30	80	0.955284552845528
32	80	0.934959349593496
33	80	0.861788617886179
34	80	0.887533875338753
35	80	0.995934959349594
36	80	0.937669376693767
37	80	0.97289972899729
38	80	0.951219512195122
39	80	0.924119241192412
40	80	1
41	80	0.914634146341463
42	80	0.773712737127371
43	80	0.872628726287263
44	80	0.998644986449865
49	80	0.997289972899729
51	80	0.892953929539295
54	80	0.924119241192412
55	80	0.91869918699187
57	80	0.986449864498645
58	80	0.630081300813008
59	80	0.986449864498645
60	80	0.986449864498645
61	80	0.986449864498645
62	80	0.943089430894309
63	80	0.944444444444444
64	80	0.878048780487805
65	80	0.952574525745257
66	80	0.653116531165312
67	80	0.91869918699187
68	80	0.35230352303523
71	80	0.967479674796748
73	80	0.975609756097561
74	80	0.855013550135501
77	80	0.777777777777778
78	80	0.96070460704607
79	80	0.372628726287263
2	81	0.956639566395664
3	81	0.543360433604336
5	81	0.920054200542005
7	81	0.308943089430894
8	81	0.939024390243902
10	81	0.990514905149051
12	81	0.943089430894309
13	81	0.983739837398374
14	81	0.959349593495935
15	81	0.979674796747968
16	81	0.39159891598916
17	81	0.9579945799458
18	81	0.959349593495935
19	81	0.903794037940379
20	81	0.993224932249323
22	81	0.9579945799458
23	81	0.795392953929539
24	81	0.962059620596206
25	81	0.967479674796748
26	81	0.939024390243902
27	81	0.903794037940379
30	81	0.971544715447154
32	81	0.991869918699187
33	81	0.934959349593496
34	81	0.96070460704607
35	81	0.922764227642277
36	81	0.86449864498645
37	81	0.953929539295393
38	81	0.975609756097561
39	81	0.997289972899729
40	81	0.926829268292683
41	81	0.98780487804878
42	81	0.846883468834688
43	81	0.94579945799458
44	81	0.925474254742547
49	81	0.924119241192412
51	81	0.966124661246612
54	81	0.997289972899729
55	81	0.991869918699187
56	81	0.341463414634146
57	81	0.940379403794038
58	81	0.703252032520325
59	81	0.940379403794038
60	81	0.940379403794038
61	81	0.940379403794038
62	81	0.983739837398374
63	81	0.982384823848238
64	81	0.951219512195122
65	81	0.974254742547426
66	81	0.726287262872629
67	81	0.991869918699187
68	81	0.425474254742547
71	81	0.894308943089431
73	81	0.951219512195122
74	81	0.928184281842818
77	81	0.850948509485095
78	81	0.966124661246612
79	81	0.44579945799458
80	81	0.926829268292683
2	82	0.967479674796748
3	82	0.55420054200542
5	82	0.909214092140921
7	82	0.319783197831978
8	82	0.928184281842818
10	82	0.998644986449865
12	82	0.932249322493225
13	82	0.97289972899729
14	82	0.970189701897019
15	82	0.968834688346884
16	82	0.402439024390244
17	82	0.947154471544716
18	82	0.948509485094851
19	82	0.892953929539295
20	82	0.982384823848238
22	82	0.947154471544716
23	82	0.806233062330623
24	82	0.951219512195122
25	82	0.956639566395664
26	82	0.928184281842818
27	82	0.892953929539295
28	82	0.303523035230352
30	82	0.96070460704607
32	82	0.981029810298103
33	82	0.94579945799458
34	82	0.971544715447154
35	82	0.911924119241192
36	82	0.853658536585366
37	82	0.943089430894309
38	82	0.964769647696477
39	82	0.991869918699187
40	82	0.915989159891599
41	82	0.998644986449865
42	82	0.857723577235772
43	82	0.956639566395664
44	82	0.914634146341463
49	82	0.913279132791328
51	82	0.976964769647697
53	82	0.302168021680217
54	82	0.991869918699187
55	82	0.997289972899729
56	82	0.35230352303523
57	82	0.929539295392954
58	82	0.714092140921409
59	82	0.929539295392954
60	82	0.929539295392954
61	82	0.929539295392954
62	82	0.97289972899729
63	82	0.971544715447154
64	82	0.962059620596206
65	82	0.963414634146342
66	82	0.737127371273713
67	82	0.997289972899729
68	82	0.436314363143631
71	82	0.883468834688347
73	82	0.940379403794038
74	82	0.939024390243902
77	82	0.861788617886179
78	82	0.955284552845528
79	82	0.456639566395664
80	82	0.915989159891599
81	82	0.989159891598916
2	83	0.914634146341463
3	83	0.501355013550135
5	83	0.962059620596206
8	83	0.981029810298103
10	83	0.948509485094851
12	83	0.985094850948509
13	83	0.974254742547426
14	83	0.917344173441734
15	83	0.978319783197832
16	83	0.349593495934959
17	83	1
18	83	0.998644986449865
19	83	0.94579945799458
20	83	0.964769647696477
22	83	1
23	83	0.753387533875339
24	83	0.995934959349593
25	83	0.990514905149051
26	83	0.981029810298103
27	83	0.94579945799458
30	83	0.986449864498645
32	83	0.966124661246612
33	83	0.892953929539295
34	83	0.91869918699187
35	83	0.964769647696477
36	83	0.90650406504065
37	83	0.995934959349593
38	83	0.982384823848238
39	83	0.955284552845528
40	83	0.968834688346883
41	83	0.94579945799458
42	83	0.804878048780488
43	83	0.903794037940379
44	83	0.967479674796748
49	83	0.966124661246612
51	83	0.924119241192412
54	83	0.955284552845528
55	83	0.949864498644986
57	83	0.982384823848238
58	83	0.661246612466125
59	83	0.982384823848238
60	83	0.982384823848238
61	83	0.982384823848238
62	83	0.974254742547426
63	83	0.975609756097561
64	83	0.909214092140921
65	83	0.983739837398374
66	83	0.684281842818428
67	83	0.949864498644986
68	83	0.383468834688347
71	83	0.936314363143631
73	83	0.993224932249323
74	83	0.886178861788618
77	83	0.808943089430894
78	83	0.991869918699187
79	83	0.403794037940379
80	83	0.968834688346883
81	83	0.9579945799458
82	83	0.947154471544716
2	84	0.93360433604336
3	84	0.520325203252032
5	84	0.943089430894309
8	84	0.962059620596206
10	84	0.967479674796748
12	84	0.966124661246612
13	84	0.993224932249323
14	84	0.936314363143631
15	84	0.997289972899729
16	84	0.368563685636856
17	84	0.981029810298103
18	84	0.982384823848238
19	84	0.926829268292683
20	84	0.983739837398374
22	84	0.981029810298103
23	84	0.772357723577236
24	84	0.98509485094851
25	84	0.990514905149052
26	84	0.962059620596206
27	84	0.926829268292683
30	84	0.994579945799458
32	84	0.985094850948509
33	84	0.911924119241192
34	84	0.937669376693767
35	84	0.94579945799458
36	84	0.887533875338753
37	84	0.976964769647697
38	84	0.998644986449865
39	84	0.974254742547425
40	84	0.949864498644986
41	84	0.964769647696477
42	84	0.823848238482385
43	84	0.922764227642276
44	84	0.948509485094851
49	84	0.947154471544716
51	84	0.943089430894309
54	84	0.974254742547425
55	84	0.968834688346883
56	84	0.318428184281843
57	84	0.963414634146342
58	84	0.680216802168022
59	84	0.963414634146342
60	84	0.963414634146342
61	84	0.963414634146342
62	84	0.993224932249323
63	84	0.994579945799458
64	84	0.928184281842818
65	84	0.997289972899729
66	84	0.703252032520325
67	84	0.968834688346883
68	84	0.402439024390244
71	84	0.917344173441734
73	84	0.974254742547426
74	84	0.905149051490515
77	84	0.827913279132791
78	84	0.989159891598916
79	84	0.422764227642276
80	84	0.949864498644986
81	84	0.976964769647697
82	84	0.966124661246612
83	84	0.981029810298103
2	85	0.974254742547425
3	85	0.560975609756098
5	85	0.902439024390244
7	85	0.326558265582656
8	85	0.921409214092141
10	85	0.991869918699187
12	85	0.925474254742547
13	85	0.966124661246612
14	85	0.976964769647697
15	85	0.962059620596206
16	85	0.409214092140921
17	85	0.940379403794038
18	85	0.941734417344174
19	85	0.886178861788618
20	85	0.975609756097561
22	85	0.940379403794038
23	85	0.813008130081301
24	85	0.944444444444445
25	85	0.949864498644987
26	85	0.921409214092141
27	85	0.886178861788618
28	85	0.31029810298103
30	85	0.953929539295393
32	85	0.974254742547426
33	85	0.952574525745257
34	85	0.978319783197832
35	85	0.905149051490515
36	85	0.846883468834688
37	85	0.936314363143631
38	85	0.9579945799458
39	85	0.98509485094851
40	85	0.909214092140921
41	85	0.994579945799458
42	85	0.86449864498645
43	85	0.963414634146341
44	85	0.907859078590786
49	85	0.906504065040651
51	85	0.983739837398374
53	85	0.308943089430894
54	85	0.98509485094851
55	85	0.990514905149052
56	85	0.359078590785908
57	85	0.922764227642277
58	85	0.720867208672087
59	85	0.922764227642277
60	85	0.922764227642277
61	85	0.922764227642277
62	85	0.966124661246612
63	85	0.964769647696477
64	85	0.968834688346883
65	85	0.956639566395664
66	85	0.74390243902439
67	85	0.990514905149052
68	85	0.443089430894309
71	85	0.876693766937669
73	85	0.933604336043361
74	85	0.94579945799458
77	85	0.868563685636856
78	85	0.948509485094851
79	85	0.463414634146341
80	85	0.909214092140921
81	85	0.982384823848238
82	85	0.993224932249323
83	85	0.940379403794038
84	85	0.959349593495935
2	86	0.899728997289973
3	86	0.486449864498645
5	86	0.976964769647697
8	86	0.995934959349593
10	86	0.93360433604336
12	86	1
13	86	0.959349593495935
14	86	0.902439024390244
15	86	0.963414634146341
16	86	0.334688346883469
17	86	0.985094850948509
18	86	0.983739837398374
19	86	0.96070460704607
20	86	0.949864498644986
22	86	0.985094850948509
23	86	0.738482384823848
24	86	0.981029810298103
25	86	0.975609756097561
26	86	0.995934959349593
27	86	0.96070460704607
30	86	0.971544715447154
32	86	0.951219512195122
33	86	0.878048780487805
34	86	0.903794037940379
35	86	0.979674796747968
36	86	0.921409214092141
37	86	0.989159891598916
38	86	0.967479674796748
39	86	0.940379403794038
40	86	0.983739837398374
41	86	0.930894308943089
42	86	0.789972899728997
43	86	0.888888888888889
44	86	0.982384823848238
49	86	0.981029810298103
51	86	0.909214092140921
54	86	0.940379403794038
55	86	0.934959349593496
57	86	0.997289972899729
58	86	0.646341463414634
59	86	0.997289972899729
60	86	0.997289972899729
61	86	0.997289972899729
62	86	0.959349593495935
63	86	0.96070460704607
64	86	0.894308943089431
65	86	0.968834688346883
66	86	0.669376693766938
67	86	0.934959349593496
68	86	0.368563685636856
71	86	0.951219512195122
73	86	0.991869918699187
74	86	0.871273712737127
77	86	0.794037940379404
78	86	0.976964769647697
79	86	0.388888888888889
80	86	0.983739837398374
81	86	0.943089430894309
82	86	0.932249322493225
83	86	0.985094850948509
84	86	0.966124661246612
85	86	0.925474254742547
2	87	0.949864498644986
3	87	0.536585365853659
5	87	0.926829268292683
7	87	0.302168021680217
8	87	0.94579945799458
10	87	0.983739837398374
12	87	0.949864498644986
13	87	0.990514905149051
14	87	0.952574525745257
15	87	0.986449864498645
16	87	0.384823848238482
17	87	0.964769647696477
18	87	0.966124661246612
19	87	0.910569105691057
20	87	1
22	87	0.964769647696477
23	87	0.788617886178862
24	87	0.968834688346884
25	87	0.974254742547426
26	87	0.94579945799458
27	87	0.910569105691057
30	87	0.978319783197832
32	87	0.998644986449865
33	87	0.928184281842818
34	87	0.953929539295393
35	87	0.929539295392954
36	87	0.871273712737127
37	87	0.96070460704607
38	87	0.982384823848238
39	87	0.990514905149051
40	87	0.93360433604336
41	87	0.981029810298103
42	87	0.840108401084011
43	87	0.939024390243902
44	87	0.932249322493225
49	87	0.930894308943089
51	87	0.959349593495935
54	87	0.990514905149051
55	87	0.985094850948509
56	87	0.334688346883469
57	87	0.947154471544716
58	87	0.696476964769648
59	87	0.947154471544716
60	87	0.947154471544716
61	87	0.947154471544716
62	87	0.990514905149051
63	87	0.989159891598916
64	87	0.944444444444444
65	87	0.981029810298103
66	87	0.719512195121951
67	87	0.985094850948509
68	87	0.41869918699187
71	87	0.901084010840108
73	87	0.9579945799458
74	87	0.921409214092141
77	87	0.844173441734417
78	87	0.97289972899729
79	87	0.439024390243902
80	87	0.93360433604336
81	87	0.993224932249323
82	87	0.982384823848238
83	87	0.964769647696477
84	87	0.983739837398374
85	87	0.975609756097561
86	87	0.949864498644986
1	88	0.399728997289973
2	88	0.886178861788618
3	88	0.700542005420054
4	88	0.421409214092141
5	88	0.762872628726287
6	88	0.405149051490515
7	88	0.466124661246612
8	88	0.781842818428184
9	88	0.357723577235772
10	88	0.85230352303523
11	88	0.415989159891599
12	88	0.785907859078591
13	88	0.826558265582656
14	88	0.883468834688347
15	88	0.822493224932249
16	88	0.548780487804878
17	88	0.800813008130081
18	88	0.802168021680217
19	88	0.746612466124661
20	88	0.836043360433604
21	88	0.420054200542005
22	88	0.800813008130081
23	88	0.952574525745257
24	88	0.804878048780488
25	88	0.81029810298103
26	88	0.781842818428184
27	88	0.746612466124661
28	88	0.449864498644986
29	88	0.303523035230352
30	88	0.814363143631436
31	88	0.398373983739837
32	88	0.834688346883469
33	88	0.907859078590786
34	88	0.882113821138211
35	88	0.765582655826558
36	88	0.707317073170732
37	88	0.796747967479675
38	88	0.818428184281843
39	88	0.845528455284553
40	88	0.769647696476965
41	88	0.855013550135501
42	88	0.995934959349593
43	88	0.897018970189702
44	88	0.768292682926829
45	88	0.410569105691057
46	88	0.409214092140921
47	88	0.331978319783198
48	88	0.360433604336043
49	88	0.766937669376694
51	88	0.876693766937669
52	88	0.386178861788618
53	88	0.448509485094851
54	88	0.845528455284553
55	88	0.850948509485095
56	88	0.498644986449864
57	88	0.78319783197832
58	88	0.860433604336043
59	88	0.78319783197832
60	88	0.78319783197832
61	88	0.78319783197832
62	88	0.826558265582656
63	88	0.82520325203252
64	88	0.89159891598916
65	88	0.817073170731707
66	88	0.883468834688347
67	88	0.850948509485095
68	88	0.582655826558265
69	88	0.422764227642276
70	88	0.422764227642276
71	88	0.737127371273713
72	88	0.413279132791328
73	88	0.794037940379404
74	88	0.914634146341463
75	88	0.395663956639566
76	88	0.410569105691057
77	88	0.991869918699187
78	88	0.808943089430894
79	88	0.602981029810298
80	88	0.769647696476965
81	88	0.842818428184282
82	88	0.853658536585366
83	88	0.800813008130081
84	88	0.819783197831978
85	88	0.860433604336043
86	88	0.785907859078591
87	88	0.836043360433604
1	89	0.841463414634146
2	89	0.444444444444444
3	89	0.857723577235772
4	89	0.863143631436314
5	89	0.321138211382114
6	89	0.846883468834688
7	89	0.907859078590786
8	89	0.340108401084011
9	89	0.799457994579946
10	89	0.410569105691057
11	89	0.857723577235773
12	89	0.344173441734417
13	89	0.384823848238482
14	89	0.441734417344173
15	89	0.380758807588076
16	89	0.990514905149051
17	89	0.359078590785908
18	89	0.360433604336043
19	89	0.304878048780488
20	89	0.394308943089431
21	89	0.861788617886179
22	89	0.359078590785908
23	89	0.605691056910569
24	89	0.363143631436314
25	89	0.368563685636856
26	89	0.340108401084011
27	89	0.304878048780488
28	89	0.89159891598916
29	89	0.745257452574526
30	89	0.372628726287263
31	89	0.840108401084011
32	89	0.392953929539295
33	89	0.466124661246612
34	89	0.440379403794038
35	89	0.323848238482385
37	89	0.355013550135501
38	89	0.376693766937669
39	89	0.403794037940379
40	89	0.327913279132791
41	89	0.413279132791328
42	89	0.55420054200542
43	89	0.455284552845528
44	89	0.326558265582656
45	89	0.85230352303523
46	89	0.850948509485095
47	89	0.773712737127371
48	89	0.802168021680217
49	89	0.32520325203252
50	89	0.734417344173442
51	89	0.434959349593496
52	89	0.827913279132791
53	89	0.890243902439025
54	89	0.403794037940379
55	89	0.409214092140921
56	89	0.940379403794038
57	89	0.341463414634146
58	89	0.697831978319783
59	89	0.341463414634146
60	89	0.341463414634146
61	89	0.341463414634146
62	89	0.384823848238482
63	89	0.383468834688347
64	89	0.449864498644986
65	89	0.375338753387534
66	89	0.67479674796748
67	89	0.409214092140921
68	89	0.975609756097561
69	89	0.86449864498645
70	89	0.86449864498645
72	89	0.855013550135501
73	89	0.35230352303523
74	89	0.47289972899729
75	89	0.83739837398374
76	89	0.85230352303523
77	89	0.550135501355014
78	89	0.367208672086721
79	89	0.955284552845528
80	89	0.327913279132791
81	89	0.401084010840108
82	89	0.411924119241192
83	89	0.359078590785908
84	89	0.378048780487805
85	89	0.41869918699187
86	89	0.344173441734417
87	89	0.394308943089431
88	89	0.558265582655826
1	90	0.359078590785908
2	90	0.926829268292683
3	90	0.659891598915989
4	90	0.380758807588076
5	90	0.803523035230352
6	90	0.36449864498645
7	90	0.425474254742547
8	90	0.822493224932249
9	90	0.317073170731707
10	90	0.892953929539295
11	90	0.375338753387534
12	90	0.826558265582656
13	90	0.867208672086721
14	90	0.924119241192412
15	90	0.863143631436314
16	90	0.508130081300813
17	90	0.841463414634146
18	90	0.842818428184282
19	90	0.787262872628726
20	90	0.876693766937669
21	90	0.37940379403794
22	90	0.841463414634146
23	90	0.911924119241192
24	90	0.845528455284553
25	90	0.850948509485095
26	90	0.822493224932249
27	90	0.787262872628726
28	90	0.409214092140922
30	90	0.855013550135501
31	90	0.357723577235772
32	90	0.875338753387534
33	90	0.948509485094851
34	90	0.922764227642276
35	90	0.806233062330623
36	90	0.747967479674797
37	90	0.83739837398374
38	90	0.859078590785908
39	90	0.886178861788618
40	90	0.81029810298103
41	90	0.895663956639566
42	90	0.963414634146342
43	90	0.937669376693767
44	90	0.808943089430894
45	90	0.369918699186992
46	90	0.368563685636856
48	90	0.319783197831978
49	90	0.807588075880759
51	90	0.917344173441734
52	90	0.345528455284553
53	90	0.407859078590786
54	90	0.886178861788618
55	90	0.89159891598916
56	90	0.457994579945799
57	90	0.823848238482385
58	90	0.819783197831978
59	90	0.823848238482385
60	90	0.823848238482385
61	90	0.823848238482385
62	90	0.867208672086721
63	90	0.865853658536585
64	90	0.932249322493225
65	90	0.857723577235772
66	90	0.842818428184282
67	90	0.89159891598916
68	90	0.5420054200542
69	90	0.382113821138211
70	90	0.382113821138211
71	90	0.777777777777778
72	90	0.372628726287263
73	90	0.834688346883469
74	90	0.955284552845528
75	90	0.355013550135501
76	90	0.369918699186992
77	90	0.967479674796748
78	90	0.849593495934959
79	90	0.562330623306233
80	90	0.81029810298103
81	90	0.883468834688347
82	90	0.894308943089431
83	90	0.841463414634146
84	90	0.860433604336043
85	90	0.901084010840108
86	90	0.826558265582656
87	90	0.876693766937669
88	90	0.959349593495935
89	90	0.517615176151761
2	91	0.897018970189702
3	91	0.483739837398374
5	91	0.979674796747967
8	91	0.998644986449864
10	91	0.930894308943089
12	91	0.997289972899729
13	91	0.956639566395664
14	91	0.899728997289973
15	91	0.96070460704607
16	91	0.331978319783198
17	91	0.982384823848238
18	91	0.981029810298103
19	91	0.963414634146341
20	91	0.947154471544716
22	91	0.982384823848238
23	91	0.735772357723577
24	91	0.978319783197832
25	91	0.97289972899729
26	91	0.998644986449864
27	91	0.963414634146341
30	91	0.968834688346884
32	91	0.948509485094851
33	91	0.875338753387534
34	91	0.901084010840108
35	91	0.982384823848238
36	91	0.924119241192412
37	91	0.986449864498645
38	91	0.964769647696477
39	91	0.937669376693767
40	91	0.986449864498645
41	91	0.928184281842819
42	91	0.787262872628726
43	91	0.886178861788618
44	91	0.985094850948509
49	91	0.983739837398374
51	91	0.906504065040651
54	91	0.937669376693767
55	91	0.932249322493225
57	91	1
58	91	0.643631436314363
59	91	1
60	91	1
61	91	1
62	91	0.956639566395664
63	91	0.9579945799458
64	91	0.89159891598916
65	91	0.966124661246612
66	91	0.666666666666667
67	91	0.932249322493225
68	91	0.365853658536585
71	91	0.953929539295393
73	91	0.989159891598916
74	91	0.868563685636856
77	91	0.791327913279133
78	91	0.974254742547426
79	91	0.386178861788618
80	91	0.986449864498645
81	91	0.940379403794038
82	91	0.929539295392954
83	91	0.982384823848238
84	91	0.963414634146342
85	91	0.922764227642277
86	91	0.997289972899729
87	91	0.947154471544716
88	91	0.78319783197832
89	91	0.341463414634146
90	91	0.823848238482385
2	92	0.917344173441734
3	92	0.504065040650406
5	92	0.959349593495935
8	92	0.978319783197832
10	92	0.951219512195122
12	92	0.982384823848238
13	92	0.976964769647697
14	92	0.920054200542005
15	92	0.981029810298103
16	92	0.35230352303523
17	92	0.997289972899729
18	92	0.998644986449865
19	92	0.943089430894309
20	92	0.967479674796748
22	92	0.997289972899729
23	92	0.75609756097561
24	92	0.998644986449864
25	92	0.993224932249322
26	92	0.978319783197832
27	92	0.943089430894309
30	92	0.989159891598916
32	92	0.968834688346883
33	92	0.895663956639566
34	92	0.921409214092141
35	92	0.962059620596206
36	92	0.903794037940379
37	92	0.993224932249323
38	92	0.985094850948509
39	92	0.957994579945799
40	92	0.966124661246612
41	92	0.948509485094851
42	92	0.807588075880759
43	92	0.90650406504065
44	92	0.964769647696477
49	92	0.963414634146342
51	92	0.926829268292683
54	92	0.957994579945799
55	92	0.952574525745257
56	92	0.302168021680217
57	92	0.979674796747968
58	92	0.663956639566396
59	92	0.979674796747968
60	92	0.979674796747968
61	92	0.979674796747968
62	92	0.976964769647697
63	92	0.978319783197832
64	92	0.911924119241192
65	92	0.986449864498645
66	92	0.686991869918699
67	92	0.952574525745257
68	92	0.386178861788618
71	92	0.933604336043361
73	92	0.990514905149052
74	92	0.888888888888889
77	92	0.811653116531165
78	92	0.994579945799458
79	92	0.40650406504065
80	92	0.966124661246612
81	92	0.96070460704607
82	92	0.949864498644986
83	92	0.997289972899729
84	92	0.983739837398374
85	92	0.943089430894309
86	92	0.982384823848238
87	92	0.967479674796748
88	92	0.803523035230352
89	92	0.361788617886179
90	92	0.844173441734417
91	92	0.979674796747968
2	93	0.911924119241192
3	93	0.498644986449864
5	93	0.964769647696477
8	93	0.983739837398374
10	93	0.94579945799458
12	93	0.98780487804878
13	93	0.971544715447154
14	93	0.914634146341463
15	93	0.975609756097561
16	93	0.346883468834688
17	93	0.997289972899729
18	93	0.995934959349593
19	93	0.948509485094851
20	93	0.962059620596206
22	93	0.997289972899729
23	93	0.750677506775068
24	93	0.993224932249322
25	93	0.98780487804878
26	93	0.983739837398374
27	93	0.948509485094851
30	93	0.983739837398374
32	93	0.963414634146341
33	93	0.890243902439024
34	93	0.915989159891599
35	93	0.967479674796748
36	93	0.909214092140921
37	93	0.998644986449865
38	93	0.979674796747967
39	93	0.952574525745257
40	93	0.971544715447154
41	93	0.943089430894309
42	93	0.802168021680217
43	93	0.901084010840108
44	93	0.970189701897019
49	93	0.968834688346884
51	93	0.921409214092141
54	93	0.952574525745257
55	93	0.947154471544715
57	93	0.98509485094851
58	93	0.658536585365854
59	93	0.98509485094851
60	93	0.98509485094851
61	93	0.98509485094851
62	93	0.971544715447154
63	93	0.97289972899729
64	93	0.90650406504065
65	93	0.981029810298103
66	93	0.681571815718157
67	93	0.947154471544715
68	93	0.380758807588076
71	93	0.939024390243902
73	93	0.995934959349594
74	93	0.883468834688347
77	93	0.806233062330623
78	93	0.989159891598916
79	93	0.401084010840108
80	93	0.971544715447154
81	93	0.955284552845528
82	93	0.944444444444444
83	93	0.997289972899729
84	93	0.978319783197832
85	93	0.937669376693767
86	93	0.98780487804878
87	93	0.962059620596206
88	93	0.79810298102981
89	93	0.356368563685637
90	93	0.838753387533875
91	93	0.98509485094851
92	93	0.994579945799458
2	94	0.917344173441734
3	94	0.504065040650406
5	94	0.959349593495935
8	94	0.978319783197832
10	94	0.951219512195122
12	94	0.982384823848238
13	94	0.976964769647697
14	94	0.920054200542005
15	94	0.981029810298103
16	94	0.35230352303523
17	94	0.997289972899729
18	94	0.998644986449865
19	94	0.943089430894309
20	94	0.967479674796748
22	94	0.997289972899729
23	94	0.75609756097561
24	94	0.998644986449864
25	94	0.993224932249322
26	94	0.978319783197832
27	94	0.943089430894309
30	94	0.989159891598916
32	94	0.968834688346883
33	94	0.895663956639566
34	94	0.921409214092141
35	94	0.962059620596206
36	94	0.903794037940379
37	94	0.993224932249323
38	94	0.985094850948509
39	94	0.957994579945799
40	94	0.966124661246612
41	94	0.948509485094851
42	94	0.807588075880759
43	94	0.90650406504065
44	94	0.964769647696477
49	94	0.963414634146342
51	94	0.926829268292683
54	94	0.957994579945799
55	94	0.952574525745257
56	94	0.302168021680217
57	94	0.979674796747968
58	94	0.663956639566396
59	94	0.979674796747968
60	94	0.979674796747968
61	94	0.979674796747968
62	94	0.976964769647697
63	94	0.978319783197832
64	94	0.911924119241192
65	94	0.986449864498645
66	94	0.686991869918699
67	94	0.952574525745257
68	94	0.386178861788618
71	94	0.933604336043361
73	94	0.990514905149052
74	94	0.888888888888889
77	94	0.811653116531165
78	94	0.994579945799458
79	94	0.40650406504065
80	94	0.966124661246612
81	94	0.96070460704607
82	94	0.949864498644986
83	94	0.997289972899729
84	94	0.983739837398374
85	94	0.943089430894309
86	94	0.982384823848238
87	94	0.967479674796748
88	94	0.803523035230352
89	94	0.361788617886179
90	94	0.844173441734417
91	94	0.979674796747968
92	94	1
93	94	0.994579945799458
2	95	0.907859078590786
3	95	0.494579945799458
5	95	0.968834688346883
8	95	0.98780487804878
10	95	0.941734417344174
12	95	0.991869918699187
13	95	0.967479674796748
14	95	0.910569105691057
15	95	0.971544715447154
16	95	0.342818428184282
17	95	0.993224932249323
18	95	0.991869918699187
19	95	0.952574525745257
20	95	0.9579945799458
22	95	0.993224932249323
23	95	0.746612466124661
24	95	0.989159891598916
25	95	0.983739837398374
26	95	0.98780487804878
27	95	0.952574525745257
30	95	0.979674796747968
32	95	0.959349593495935
33	95	0.886178861788618
34	95	0.911924119241192
35	95	0.971544715447154
36	95	0.913279132791328
37	95	0.997289972899729
38	95	0.975609756097561
39	95	0.948509485094851
40	95	0.975609756097561
41	95	0.939024390243902
42	95	0.79810298102981
43	95	0.897018970189702
44	95	0.974254742547425
49	95	0.97289972899729
51	95	0.917344173441734
54	95	0.948509485094851
55	95	0.943089430894309
57	95	0.989159891598916
58	95	0.654471544715447
59	95	0.989159891598916
60	95	0.989159891598916
61	95	0.989159891598916
62	95	0.967479674796748
63	95	0.968834688346884
64	95	0.902439024390244
65	95	0.976964769647697
66	95	0.677506775067751
67	95	0.943089430894309
68	95	0.376693766937669
71	95	0.943089430894309
73	95	1
74	95	0.87940379403794
77	95	0.802168021680217
78	95	0.98509485094851
79	95	0.397018970189702
80	95	0.975609756097561
81	95	0.951219512195122
82	95	0.940379403794038
83	95	0.993224932249323
84	95	0.974254742547426
85	95	0.933604336043361
86	95	0.991869918699187
87	95	0.9579945799458
88	95	0.794037940379404
89	95	0.35230352303523
90	95	0.834688346883469
91	95	0.989159891598916
92	95	0.990514905149052
93	95	0.995934959349594
94	95	0.990514905149052
1	96	0.300813008130081
2	96	0.985094850948509
3	96	0.601626016260163
4	96	0.322493224932249
5	96	0.861788617886179
6	96	0.306233062330623
7	96	0.367208672086721
8	96	0.880758807588076
10	96	0.951219512195122
11	96	0.317073170731707
12	96	0.884823848238482
13	96	0.925474254742547
14	96	0.982384823848238
15	96	0.921409214092141
16	96	0.449864498644986
17	96	0.899728997289973
18	96	0.901084010840108
19	96	0.845528455284553
20	96	0.934959349593496
21	96	0.321138211382114
22	96	0.899728997289973
23	96	0.853658536585366
24	96	0.903794037940379
25	96	0.909214092140921
26	96	0.880758807588076
27	96	0.845528455284553
28	96	0.350948509485095
30	96	0.913279132791328
32	96	0.93360433604336
33	96	0.993224932249323
34	96	0.981029810298103
35	96	0.86449864498645
36	96	0.806233062330623
37	96	0.895663956639566
38	96	0.917344173441734
39	96	0.944444444444444
40	96	0.868563685636856
41	96	0.953929539295393
42	96	0.905149051490515
43	96	0.995934959349593
44	96	0.867208672086721
45	96	0.311653116531165
46	96	0.31029810298103
49	96	0.865853658536585
51	96	0.975609756097561
53	96	0.349593495934959
54	96	0.944444444444444
55	96	0.949864498644986
56	96	0.399728997289973
57	96	0.882113821138211
58	96	0.761517615176152
59	96	0.882113821138211
60	96	0.882113821138211
61	96	0.882113821138211
62	96	0.925474254742547
63	96	0.924119241192412
64	96	0.990514905149051
65	96	0.915989159891599
66	96	0.784552845528455
67	96	0.949864498644986
68	96	0.483739837398374
69	96	0.323848238482385
70	96	0.323848238482385
71	96	0.836043360433604
72	96	0.314363143631436
73	96	0.892953929539295
74	96	0.986449864498645
76	96	0.311653116531165
77	96	0.909214092140921
78	96	0.907859078590786
79	96	0.504065040650406
80	96	0.868563685636856
81	96	0.941734417344173
82	96	0.952574525745257
83	96	0.899728997289973
84	96	0.91869918699187
85	96	0.959349593495935
86	96	0.884823848238482
87	96	0.934959349593496
88	96	0.901084010840108
89	96	0.459349593495935
90	96	0.941734417344174
91	96	0.882113821138211
92	96	0.902439024390244
93	96	0.897018970189702
94	96	0.902439024390244
95	96	0.892953929539295
2	97	0.856368563685637
3	97	0.443089430894309
5	97	0.979674796747968
8	97	0.960704607046071
10	97	0.890243902439024
12	97	0.956639566395664
13	97	0.915989159891599
14	97	0.859078590785908
15	97	0.920054200542005
17	97	0.941734417344174
18	97	0.940379403794038
19	97	0.995934959349594
20	97	0.906504065040651
22	97	0.941734417344174
23	97	0.695121951219512
24	97	0.937669376693767
25	97	0.932249322493225
26	97	0.960704607046071
27	97	0.995934959349594
30	97	0.928184281842819
32	97	0.907859078590786
33	97	0.834688346883469
34	97	0.860433604336043
35	97	0.976964769647697
36	97	0.964769647696477
37	97	0.94579945799458
38	97	0.924119241192412
39	97	0.897018970189702
40	97	0.97289972899729
41	97	0.887533875338753
42	97	0.746612466124661
43	97	0.845528455284553
44	97	0.974254742547426
49	97	0.975609756097561
51	97	0.865853658536585
54	97	0.897018970189702
55	97	0.89159891598916
57	97	0.959349593495935
58	97	0.602981029810298
59	97	0.959349593495935
60	97	0.959349593495935
61	97	0.959349593495935
62	97	0.915989159891599
63	97	0.917344173441734
64	97	0.850948509485095
65	97	0.925474254742547
66	97	0.626016260162602
67	97	0.89159891598916
68	97	0.32520325203252
71	97	0.994579945799458
73	97	0.948509485094851
74	97	0.827913279132791
77	97	0.750677506775068
78	97	0.933604336043361
79	97	0.345528455284553
80	97	0.97289972899729
81	97	0.899728997289973
82	97	0.888888888888889
83	97	0.941734417344174
84	97	0.922764227642277
85	97	0.882113821138211
86	97	0.956639566395664
87	97	0.906504065040651
88	97	0.742547425474255
89	97	0.300813008130081
90	97	0.78319783197832
91	97	0.959349593495935
92	97	0.939024390243902
93	97	0.944444444444445
94	97	0.939024390243902
95	97	0.948509485094851
96	97	0.841463414634146
2	98	0.993224932249323
3	98	0.579945799457995
4	98	0.300813008130081
5	98	0.883468834688347
7	98	0.345528455284553
8	98	0.902439024390244
10	98	0.97289972899729
12	98	0.90650406504065
13	98	0.947154471544715
14	98	0.995934959349594
15	98	0.943089430894309
16	98	0.428184281842818
17	98	0.921409214092141
18	98	0.922764227642276
19	98	0.867208672086721
20	98	0.956639566395664
22	98	0.921409214092141
23	98	0.831978319783198
24	98	0.925474254742547
25	98	0.930894308943089
26	98	0.902439024390244
27	98	0.867208672086721
28	98	0.329268292682927
30	98	0.934959349593496
32	98	0.955284552845528
33	98	0.971544715447154
34	98	0.997289972899729
35	98	0.886178861788618
36	98	0.827913279132791
37	98	0.917344173441734
38	98	0.939024390243902
39	98	0.966124661246612
40	98	0.890243902439024
41	98	0.975609756097561
42	98	0.883468834688347
43	98	0.982384823848238
44	98	0.888888888888889
49	98	0.887533875338753
51	98	0.997289972899729
53	98	0.327913279132791
54	98	0.966124661246612
55	98	0.971544715447154
56	98	0.378048780487805
57	98	0.903794037940379
58	98	0.739837398373984
59	98	0.903794037940379
60	98	0.903794037940379
61	98	0.903794037940379
62	98	0.947154471544715
63	98	0.94579945799458
64	98	0.98780487804878
65	98	0.937669376693767
66	98	0.762872628726287
67	98	0.971544715447154
68	98	0.462059620596206
69	98	0.302168021680217
70	98	0.302168021680217
71	98	0.857723577235772
73	98	0.914634146341463
74	98	0.964769647696477
77	98	0.887533875338753
78	98	0.929539295392954
79	98	0.482384823848238
80	98	0.890243902439024
81	98	0.963414634146341
82	98	0.974254742547425
83	98	0.921409214092141
84	98	0.940379403794038
85	98	0.981029810298103
86	98	0.90650406504065
87	98	0.956639566395664
88	98	0.87940379403794
89	98	0.437669376693767
90	98	0.920054200542005
91	98	0.903794037940379
92	98	0.924119241192412
93	98	0.91869918699187
94	98	0.924119241192412
95	98	0.914634146341463
96	98	0.978319783197832
97	98	0.863143631436314
2	99	0.94579945799458
3	99	0.532520325203252
5	99	0.930894308943089
8	99	0.949864498644986
10	99	0.979674796747967
12	99	0.953929539295393
13	99	0.994579945799458
14	99	0.948509485094851
15	99	0.990514905149052
16	99	0.380758807588076
17	99	0.968834688346884
18	99	0.970189701897019
19	99	0.914634146341463
20	99	0.995934959349593
22	99	0.968834688346884
23	99	0.784552845528455
24	99	0.97289972899729
25	99	0.978319783197832
26	99	0.949864498644986
27	99	0.914634146341463
30	99	0.982384823848238
32	99	0.997289972899729
33	99	0.924119241192412
34	99	0.949864498644986
35	99	0.933604336043361
36	99	0.875338753387534
37	99	0.964769647696477
38	99	0.986449864498645
39	99	0.986449864498645
40	99	0.937669376693767
41	99	0.976964769647697
42	99	0.836043360433604
43	99	0.934959349593496
44	99	0.936314363143631
49	99	0.934959349593496
51	99	0.955284552845528
54	99	0.986449864498645
55	99	0.981029810298103
56	99	0.330623306233062
57	99	0.951219512195122
58	99	0.692411924119241
59	99	0.951219512195122
60	99	0.951219512195122
61	99	0.951219512195122
62	99	0.994579945799458
63	99	0.993224932249323
64	99	0.940379403794038
65	99	0.98509485094851
66	99	0.715447154471545
67	99	0.981029810298103
68	99	0.414634146341463
71	99	0.905149051490515
73	99	0.962059620596206
74	99	0.917344173441734
77	99	0.840108401084011
78	99	0.976964769647697
79	99	0.434959349593496
80	99	0.937669376693767
81	99	0.989159891598916
82	99	0.978319783197832
83	99	0.968834688346884
84	99	0.98780487804878
85	99	0.971544715447154
86	99	0.953929539295393
87	99	0.995934959349593
88	99	0.831978319783198
89	99	0.390243902439024
90	99	0.872628726287263
91	99	0.951219512195122
92	99	0.971544715447154
93	99	0.966124661246612
94	99	0.971544715447154
95	99	0.962059620596206
96	99	0.930894308943089
97	99	0.910569105691057
98	99	0.952574525745257
1	100	0.952574525745257
2	100	0.333333333333333
3	100	0.746612466124661
4	100	0.974254742547426
6	100	0.9579945799458
7	100	0.981029810298103
9	100	0.910569105691057
11	100	0.968834688346884
14	100	0.330623306233062
16	100	0.898373983739837
21	100	0.97289972899729
23	100	0.494579945799458
28	100	0.997289972899729
29	100	0.856368563685637
31	100	0.951219512195122
33	100	0.355013550135501
34	100	0.329268292682927
41	100	0.302168021680217
42	100	0.443089430894309
43	100	0.344173441734417
45	100	0.963414634146342
46	100	0.962059620596206
47	100	0.884823848238482
48	100	0.913279132791328
50	100	0.845528455284553
51	100	0.323848238482385
52	100	0.939024390243902
53	100	0.998644986449864
56	100	0.948509485094851
58	100	0.586720867208672
64	100	0.338753387533875
66	100	0.563685636856369
68	100	0.86449864498645
69	100	0.975609756097561
70	100	0.975609756097561
72	100	0.966124661246612
74	100	0.361788617886179
75	100	0.948509485094851
76	100	0.963414634146342
77	100	0.439024390243902
79	100	0.844173441734417
82	100	0.300813008130081
85	100	0.307588075880759
88	100	0.447154471544715
89	100	0.888888888888889
90	100	0.40650406504065
96	100	0.348238482384824
98	100	0.326558265582656
1	101	0.802168021680217
2	101	0.483739837398374
3	101	0.897018970189702
4	101	0.823848238482385
5	101	0.360433604336043
6	101	0.807588075880759
7	101	0.868563685636856
8	101	0.37940379403794
9	101	0.760162601626016
10	101	0.449864498644986
11	101	0.818428184281843
12	101	0.383468834688347
13	101	0.424119241192412
14	101	0.481029810298103
15	101	0.420054200542005
16	101	0.951219512195122
17	101	0.398373983739837
18	101	0.399728997289973
19	101	0.344173441734417
20	101	0.43360433604336
21	101	0.822493224932249
22	101	0.398373983739837
23	101	0.644986449864499
24	101	0.402439024390244
25	101	0.407859078590786
26	101	0.37940379403794
27	101	0.344173441734417
28	101	0.85230352303523
29	101	0.705962059620596
30	101	0.411924119241192
31	101	0.800813008130081
32	101	0.432249322493225
33	101	0.505420054200542
34	101	0.479674796747968
35	101	0.363143631436314
36	101	0.304878048780488
37	101	0.394308943089431
38	101	0.415989159891599
39	101	0.443089430894309
40	101	0.367208672086721
41	101	0.452574525745257
42	101	0.59349593495935
43	101	0.494579945799458
44	101	0.365853658536585
45	101	0.813008130081301
46	101	0.811653116531165
47	101	0.734417344173442
48	101	0.762872628726287
49	101	0.36449864498645
50	101	0.695121951219512
51	101	0.474254742547426
52	101	0.788617886178862
53	101	0.850948509485095
54	101	0.443089430894309
55	101	0.448509485094851
56	101	0.901084010840108
57	101	0.380758807588076
58	101	0.737127371273713
59	101	0.380758807588076
60	101	0.380758807588076
61	101	0.380758807588076
62	101	0.424119241192412
63	101	0.422764227642276
64	101	0.489159891598916
65	101	0.414634146341463
66	101	0.714092140921409
67	101	0.448509485094851
68	101	0.985094850948509
69	101	0.82520325203252
70	101	0.82520325203252
71	101	0.334688346883469
72	101	0.815718157181572
73	101	0.39159891598916
74	101	0.51219512195122
75	101	0.79810298102981
76	101	0.813008130081301
77	101	0.589430894308943
78	101	0.40650406504065
79	101	0.994579945799458
80	101	0.367208672086721
81	101	0.440379403794038
82	101	0.451219512195122
83	101	0.398373983739837
84	101	0.417344173441734
85	101	0.457994579945799
86	101	0.383468834688347
87	101	0.43360433604336
88	101	0.597560975609756
89	101	0.96070460704607
90	101	0.556910569105691
91	101	0.380758807588076
92	101	0.401084010840108
93	101	0.395663956639566
94	101	0.401084010840108
95	101	0.39159891598916
96	101	0.498644986449865
97	101	0.340108401084011
98	101	0.476964769647697
99	101	0.429539295392954
100	101	0.849593495934959
2	102	0.910569105691057
3	102	0.497289972899729
5	102	0.966124661246612
8	102	0.985094850948509
10	102	0.944444444444444
12	102	0.989159891598916
13	102	0.970189701897019
14	102	0.913279132791328
15	102	0.974254742547425
16	102	0.345528455284553
17	102	0.995934959349593
18	102	0.994579945799458
19	102	0.949864498644986
20	102	0.96070460704607
22	102	0.995934959349593
23	102	0.749322493224932
24	102	0.991869918699187
25	102	0.986449864498645
26	102	0.985094850948509
27	102	0.949864498644986
30	102	0.982384823848238
32	102	0.962059620596206
33	102	0.888888888888889
34	102	0.914634146341463
35	102	0.968834688346884
36	102	0.910569105691057
37	102	1
38	102	0.978319783197832
39	102	0.951219512195122
40	102	0.97289972899729
41	102	0.941734417344174
42	102	0.800813008130081
43	102	0.899728997289973
44	102	0.971544715447154
49	102	0.970189701897019
51	102	0.920054200542005
54	102	0.951219512195122
55	102	0.94579945799458
57	102	0.986449864498645
58	102	0.657181571815718
59	102	0.986449864498645
60	102	0.986449864498645
61	102	0.986449864498645
62	102	0.970189701897019
63	102	0.971544715447154
64	102	0.905149051490515
65	102	0.979674796747967
66	102	0.680216802168022
67	102	0.94579945799458
68	102	0.37940379403794
71	102	0.940379403794038
73	102	0.997289972899729
74	102	0.882113821138211
77	102	0.804878048780488
78	102	0.98780487804878
79	102	0.399728997289973
80	102	0.97289972899729
81	102	0.953929539295393
82	102	0.943089430894309
83	102	0.995934959349593
84	102	0.976964769647697
85	102	0.936314363143631
86	102	0.989159891598916
87	102	0.96070460704607
88	102	0.796747967479675
89	102	0.355013550135501
90	102	0.83739837398374
91	102	0.986449864498645
92	102	0.993224932249323
93	102	0.998644986449865
94	102	0.993224932249323
95	102	0.997289972899729
96	102	0.895663956639566
97	102	0.94579945799458
98	102	0.917344173441734
99	102	0.964769647696477
101	102	0.394308943089431
2	103	0.963414634146341
3	103	0.550135501355014
5	103	0.913279132791328
7	103	0.315718157181572
8	103	0.932249322493225
10	103	0.997289972899729
12	103	0.936314363143631
13	103	0.976964769647697
14	103	0.966124661246612
15	103	0.97289972899729
16	103	0.398373983739837
17	103	0.951219512195122
18	103	0.952574525745257
19	103	0.897018970189702
20	103	0.986449864498645
22	103	0.951219512195122
23	103	0.802168021680217
24	103	0.955284552845529
25	103	0.960704607046071
26	103	0.932249322493225
27	103	0.897018970189702
30	103	0.964769647696477
32	103	0.98509485094851
33	103	0.941734417344173
34	103	0.967479674796748
35	103	0.915989159891599
36	103	0.857723577235772
37	103	0.947154471544716
38	103	0.968834688346884
39	103	0.995934959349594
40	103	0.920054200542005
41	103	0.994579945799458
42	103	0.853658536585366
43	103	0.952574525745257
44	103	0.91869918699187
49	103	0.917344173441734
51	103	0.97289972899729
54	103	0.995934959349594
55	103	0.998644986449864
56	103	0.348238482384824
57	103	0.933604336043361
58	103	0.710027100271003
59	103	0.933604336043361
60	103	0.933604336043361
61	103	0.933604336043361
62	103	0.976964769647697
63	103	0.975609756097561
64	103	0.957994579945799
65	103	0.967479674796748
66	103	0.733062330623306
67	103	0.998644986449864
68	103	0.432249322493225
71	103	0.887533875338753
73	103	0.944444444444445
74	103	0.934959349593496
77	103	0.857723577235772
78	103	0.959349593495935
79	103	0.452574525745257
80	103	0.920054200542005
81	103	0.993224932249323
82	103	0.995934959349593
83	103	0.951219512195122
84	103	0.970189701897019
85	103	0.989159891598916
86	103	0.936314363143631
87	103	0.986449864498645
88	103	0.849593495934959
89	103	0.407859078590786
90	103	0.890243902439024
91	103	0.933604336043361
92	103	0.953929539295393
93	103	0.948509485094851
94	103	0.953929539295393
95	103	0.944444444444445
96	103	0.948509485094851
97	103	0.892953929539296
98	103	0.970189701897019
99	103	0.982384823848238
101	103	0.447154471544715
102	103	0.947154471544716
