1	2	1
1	18	1
1	30	1
1	38	1
1	39	1
1	43	1
1	44	1
1	47	1
1	49	1
1	54	1
1	55	1
1	58	1
1	61	1
1	64	1
1	65	1
1	66	1
1	72	1
1	75	1
1	76	1
1	77	1
1	78	1
1	79	1
1	81	1
1	82	1
1	84	1
1	90	1
1	92	1
1	95	1
1	108	1
1	119	1
1	121	1
1	122	1
1	123	1
1	124	1
1	125	1
1	127	1
1	129	1
1	132	1
1	134	1
1	135	1
1	141	1
1	144	1
1	145	1
1	147	1
1	148	1
1	149	1
1	150	1
1	4	0.5
1	5	0.5
1	8	0.5
2	18	1
2	30	1
2	38	1
2	39	1
2	43	1
2	44	1
2	47	1
2	49	1
2	54	1
2	55	1
2	58	1
2	61	1
2	64	1
2	65	1
2	66	1
2	72	1
2	75	1
2	76	1
2	77	1
2	78	1
2	79	1
2	81	1
2	82	1
2	84	1
2	90	1
2	92	1
2	95	1
2	108	1
2	119	1
2	121	1
2	122	1
2	123	1
2	124	1
2	125	1
2	127	1
2	129	1
2	132	1
2	134	1
2	135	1
2	141	1
2	144	1
2	145	1
2	147	1
2	148	1
2	149	1
2	150	1
2	4	0.5
2	5	0.5
2	8	0.5
2	13	0.5
3	6	1
3	7	1
3	9	1
3	10	1
3	11	1
3	12	1
3	14	1
3	15	1
3	16	1
3	24	1
3	28	1
3	32	1
3	35	1
3	56	1
3	57	1
3	73	1
3	74	1
3	80	1
3	83	1
3	94	1
3	96	1
3	101	1
3	103	1
3	104	1
3	106	1
3	110	1
3	111	1
3	112	1
3	116	1
3	128	1
3	136	1
3	137	1
3	139	1
3	142	1
3	143	1
3	4	0.5
3	5	0.5
3	8	0.5
3	13	0.5
3	17	0.5
3	19	0.5
3	20	0.5
3	21	0.5
3	22	0.5
3	23	0.5
3	25	0.5
3	26	0.5
3	27	0.5
3	29	0.5
3	31	0.5
4	5	1
4	8	1
4	13	1
4	17	1
4	19	1
4	20	1
4	21	1
4	22	1
4	23	1
4	25	1
4	26	1
4	27	1
4	29	1
4	31	1
4	33	1
4	34	1
4	36	1
4	37	1
4	40	1
4	41	1
4	42	1
4	45	1
4	46	1
4	48	1
4	50	1
4	51	1
4	52	1
4	53	1
4	59	1
4	60	1
4	62	1
4	63	1
4	67	1
4	68	1
4	69	1
4	70	1
4	71	1
4	85	1
4	86	1
4	87	1
4	88	1
4	89	1
4	91	1
4	93	1
4	97	1
4	98	1
4	99	1
4	100	1
4	102	1
4	105	1
5	8	1
5	13	1
5	17	1
5	19	1
5	20	1
5	21	1
5	22	1
5	23	1
5	25	1
5	26	1
5	27	1
5	29	1
5	31	1
5	33	1
5	34	1
5	36	1
5	37	1
5	40	1
5	41	1
5	42	1
5	45	1
5	46	1
5	48	1
5	50	1
5	51	1
5	52	1
5	53	1
5	59	1
5	60	1
5	62	1
5	63	1
5	67	1
5	68	1
5	69	1
5	70	1
5	71	1
5	85	1
5	86	1
5	87	1
5	88	1
5	89	1
5	91	1
5	93	1
5	97	1
5	98	1
5	99	1
5	100	1
5	102	1
5	105	1
5	107	1
6	7	1
6	9	1
6	10	1
6	11	1
6	12	1
6	14	1
6	15	1
6	16	1
6	24	1
6	28	1
6	32	1
6	35	1
6	56	1
6	57	1
6	73	1
6	74	1
6	80	1
6	83	1
6	94	1
6	96	1
6	101	1
6	103	1
6	104	1
6	106	1
6	110	1
6	111	1
6	112	1
6	116	1
6	128	1
6	136	1
6	137	1
6	139	1
6	142	1
6	143	1
6	8	0.5
6	13	0.5
6	17	0.5
6	19	0.5
6	20	0.5
6	21	0.5
6	22	0.5
6	23	0.5
6	25	0.5
6	26	0.5
6	27	0.5
6	29	0.5
6	31	0.5
6	33	0.5
6	34	0.5
6	36	0.5
7	9	1
7	10	1
7	11	1
7	12	1
7	14	1
7	15	1
7	16	1
7	24	1
7	28	1
7	32	1
7	35	1
7	56	1
7	57	1
7	73	1
7	74	1
7	80	1
7	83	1
7	94	1
7	96	1
7	101	1
7	103	1
7	104	1
7	106	1
7	110	1
7	111	1
7	112	1
7	116	1
7	128	1
7	136	1
7	137	1
7	139	1
7	142	1
7	143	1
7	8	0.5
7	13	0.5
7	17	0.5
7	19	0.5
7	20	0.5
7	21	0.5
7	22	0.5
7	23	0.5
7	25	0.5
7	26	0.5
7	27	0.5
7	29	0.5
7	31	0.5
7	33	0.5
7	34	0.5
7	36	0.5
7	37	0.5
8	13	1
8	17	1
8	19	1
8	20	1
8	21	1
8	22	1
8	23	1
8	25	1
8	26	1
8	27	1
8	29	1
8	31	1
8	33	1
8	34	1
8	36	1
8	37	1
8	40	1
8	41	1
8	42	1
8	45	1
8	46	1
8	48	1
8	50	1
8	51	1
8	52	1
8	53	1
8	59	1
8	60	1
8	62	1
8	63	1
8	67	1
8	68	1
8	69	1
8	70	1
8	71	1
8	85	1
8	86	1
8	87	1
8	88	1
8	89	1
8	91	1
8	93	1
8	97	1
8	98	1
8	99	1
8	100	1
8	102	1
8	105	1
8	107	1
8	109	1
9	10	1
9	11	1
9	12	1
9	14	1
9	15	1
9	16	1
9	24	1
9	28	1
9	32	1
9	35	1
9	56	1
9	57	1
9	73	1
9	74	1
9	80	1
9	83	1
9	94	1
9	96	1
9	101	1
9	103	1
9	104	1
9	106	1
9	110	1
9	111	1
9	112	1
9	116	1
9	128	1
9	136	1
9	137	1
9	139	1
9	142	1
9	143	1
9	13	0.5
9	17	0.5
9	19	0.5
9	20	0.5
9	21	0.5
9	22	0.5
9	23	0.5
9	25	0.5
9	26	0.5
9	27	0.5
9	29	0.5
9	31	0.5
9	33	0.5
9	34	0.5
9	36	0.5
9	37	0.5
9	40	0.5
9	41	0.5
10	11	1
10	12	1
10	14	1
10	15	1
10	16	1
10	24	1
10	28	1
10	32	1
10	35	1
10	56	1
10	57	1
10	73	1
10	74	1
10	80	1
10	83	1
10	94	1
10	96	1
10	101	1
10	103	1
10	104	1
10	106	1
10	110	1
10	111	1
10	112	1
10	116	1
10	128	1
10	136	1
10	137	1
10	139	1
10	142	1
10	143	1
10	13	0.5
10	17	0.5
10	19	0.5
10	20	0.5
10	21	0.5
10	22	0.5
10	23	0.5
10	25	0.5
10	26	0.5
10	27	0.5
10	29	0.5
10	31	0.5
10	33	0.5
10	34	0.5
10	36	0.5
10	37	0.5
10	40	0.5
10	41	0.5
10	42	0.5
11	12	1
11	14	1
11	15	1
11	16	1
11	24	1
11	28	1
11	32	1
11	35	1
11	56	1
11	57	1
11	73	1
11	74	1
11	80	1
11	83	1
11	94	1
11	96	1
11	101	1
11	103	1
11	104	1
11	106	1
11	110	1
11	111	1
11	112	1
11	116	1
11	128	1
11	136	1
11	137	1
11	139	1
11	142	1
11	143	1
11	13	0.5
11	17	0.5
11	19	0.5
11	20	0.5
11	21	0.5
11	22	0.5
11	23	0.5
11	25	0.5
11	26	0.5
11	27	0.5
11	29	0.5
11	31	0.5
11	33	0.5
11	34	0.5
11	36	0.5
11	37	0.5
11	40	0.5
11	41	0.5
11	42	0.5
11	45	0.5
12	14	1
12	15	1
12	16	1
12	24	1
12	28	1
12	32	1
12	35	1
12	56	1
12	57	1
12	73	1
12	74	1
12	80	1
12	83	1
12	94	1
12	96	1
12	101	1
12	103	1
12	104	1
12	106	1
12	110	1
12	111	1
12	112	1
12	116	1
12	128	1
12	136	1
12	137	1
12	139	1
12	142	1
12	143	1
12	13	0.5
12	17	0.5
12	19	0.5
12	20	0.5
12	21	0.5
12	22	0.5
12	23	0.5
12	25	0.5
12	26	0.5
12	27	0.5
12	29	0.5
12	31	0.5
12	33	0.5
12	34	0.5
12	36	0.5
12	37	0.5
12	40	0.5
12	41	0.5
12	42	0.5
12	45	0.5
12	46	0.5
13	17	1
13	19	1
13	20	1
13	21	1
13	22	1
13	23	1
13	25	1
13	26	1
13	27	1
13	29	1
13	31	1
13	33	1
13	34	1
13	36	1
13	37	1
13	40	1
13	41	1
13	42	1
13	45	1
13	46	1
13	48	1
13	50	1
13	51	1
13	52	1
13	53	1
13	59	1
13	60	1
13	62	1
13	63	1
13	67	1
13	68	1
13	69	1
13	70	1
13	71	1
13	85	1
13	86	1
13	87	1
13	88	1
13	89	1
13	91	1
13	93	1
13	97	1
13	98	1
13	99	1
13	100	1
13	102	1
13	105	1
13	107	1
13	109	1
13	113	1
14	15	1
14	16	1
14	24	1
14	28	1
14	32	1
14	35	1
14	56	1
14	57	1
14	73	1
14	74	1
14	80	1
14	83	1
14	94	1
14	96	1
14	101	1
14	103	1
14	104	1
14	106	1
14	110	1
14	111	1
14	112	1
14	116	1
14	128	1
14	136	1
14	137	1
14	139	1
14	142	1
14	143	1
14	17	0.5
14	19	0.5
14	20	0.5
14	21	0.5
14	22	0.5
14	23	0.5
14	25	0.5
14	26	0.5
14	27	0.5
14	29	0.5
14	31	0.5
14	33	0.5
14	34	0.5
14	36	0.5
14	37	0.5
14	40	0.5
14	41	0.5
14	42	0.5
14	45	0.5
14	46	0.5
14	48	0.5
14	50	0.5
15	16	1
15	24	1
15	28	1
15	32	1
15	35	1
15	56	1
15	57	1
15	73	1
15	74	1
15	80	1
15	83	1
15	94	1
15	96	1
15	101	1
15	103	1
15	104	1
15	106	1
15	110	1
15	111	1
15	112	1
15	116	1
15	128	1
15	136	1
15	137	1
15	139	1
15	142	1
15	143	1
15	17	0.5
15	19	0.5
15	20	0.5
15	21	0.5
15	22	0.5
15	23	0.5
15	25	0.5
15	26	0.5
15	27	0.5
15	29	0.5
15	31	0.5
15	33	0.5
15	34	0.5
15	36	0.5
15	37	0.5
15	40	0.5
15	41	0.5
15	42	0.5
15	45	0.5
15	46	0.5
15	48	0.5
15	50	0.5
15	51	0.5
16	24	1
16	28	1
16	32	1
16	35	1
16	56	1
16	57	1
16	73	1
16	74	1
16	80	1
16	83	1
16	94	1
16	96	1
16	101	1
16	103	1
16	104	1
16	106	1
16	110	1
16	111	1
16	112	1
16	116	1
16	128	1
16	136	1
16	137	1
16	139	1
16	142	1
16	143	1
16	17	0.5
16	19	0.5
16	20	0.5
16	21	0.5
16	22	0.5
16	23	0.5
16	25	0.5
16	26	0.5
16	27	0.5
16	29	0.5
16	31	0.5
16	33	0.5
16	34	0.5
16	36	0.5
16	37	0.5
16	40	0.5
16	41	0.5
16	42	0.5
16	45	0.5
16	46	0.5
16	48	0.5
16	50	0.5
16	51	0.5
16	52	0.5
17	19	1
17	20	1
17	21	1
17	22	1
17	23	1
17	25	1
17	26	1
17	27	1
17	29	1
17	31	1
17	33	1
17	34	1
17	36	1
17	37	1
17	40	1
17	41	1
17	42	1
17	45	1
17	46	1
17	48	1
17	50	1
17	51	1
17	52	1
17	53	1
17	59	1
17	60	1
17	62	1
17	63	1
17	67	1
17	68	1
17	69	1
17	70	1
17	71	1
17	85	1
17	86	1
17	87	1
17	88	1
17	89	1
17	91	1
17	93	1
17	97	1
17	98	1
17	99	1
17	100	1
17	102	1
17	105	1
17	107	1
17	109	1
17	113	1
17	114	1
18	30	1
18	38	1
18	39	1
18	43	1
18	44	1
18	47	1
18	49	1
18	54	1
18	55	1
18	58	1
18	61	1
18	64	1
18	65	1
18	66	1
18	72	1
18	75	1
18	76	1
18	77	1
18	78	1
18	79	1
18	81	1
18	82	1
18	84	1
18	90	1
18	92	1
18	95	1
18	108	1
18	119	1
18	121	1
18	122	1
18	123	1
18	124	1
18	125	1
18	127	1
18	129	1
18	132	1
18	134	1
18	135	1
18	141	1
18	144	1
18	145	1
18	147	1
18	148	1
18	149	1
18	150	1
18	19	0.5
18	20	0.5
18	21	0.5
18	22	0.5
18	23	0.5
19	20	1
19	21	1
19	22	1
19	23	1
19	25	1
19	26	1
19	27	1
19	29	1
19	31	1
19	33	1
19	34	1
19	36	1
19	37	1
19	40	1
19	41	1
19	42	1
19	45	1
19	46	1
19	48	1
19	50	1
19	51	1
19	52	1
19	53	1
19	59	1
19	60	1
19	62	1
19	63	1
19	67	1
19	68	1
19	69	1
19	70	1
19	71	1
19	85	1
19	86	1
19	87	1
19	88	1
19	89	1
19	91	1
19	93	1
19	97	1
19	98	1
19	99	1
19	100	1
19	102	1
19	105	1
19	107	1
19	109	1
19	113	1
19	114	1
19	115	1
20	21	1
20	22	1
20	23	1
20	25	1
20	26	1
20	27	1
20	29	1
20	31	1
20	33	1
20	34	1
20	36	1
20	37	1
20	40	1
20	41	1
20	42	1
20	45	1
20	46	1
20	48	1
20	50	1
20	51	1
20	52	1
20	53	1
20	59	1
20	60	1
20	62	1
20	63	1
20	67	1
20	68	1
20	69	1
20	70	1
20	71	1
20	85	1
20	86	1
20	87	1
20	88	1
20	89	1
20	91	1
20	93	1
20	97	1
20	98	1
20	99	1
20	100	1
20	102	1
20	105	1
20	107	1
20	109	1
20	113	1
20	114	1
20	115	1
20	117	1
21	22	1
21	23	1
21	25	1
21	26	1
21	27	1
21	29	1
21	31	1
21	33	1
21	34	1
21	36	1
21	37	1
21	40	1
21	41	1
21	42	1
21	45	1
21	46	1
21	48	1
21	50	1
21	51	1
21	52	1
21	53	1
21	59	1
21	60	1
21	62	1
21	63	1
21	67	1
21	68	1
21	69	1
21	70	1
21	71	1
21	85	1
21	86	1
21	87	1
21	88	1
21	89	1
21	91	1
21	93	1
21	97	1
21	98	1
21	99	1
21	100	1
21	102	1
21	105	1
21	107	1
21	109	1
21	113	1
21	114	1
21	115	1
21	117	1
21	118	1
22	23	1
22	25	1
22	26	1
22	27	1
22	29	1
22	31	1
22	33	1
22	34	1
22	36	1
22	37	1
22	40	1
22	41	1
22	42	1
22	45	1
22	46	1
22	48	1
22	50	1
22	51	1
22	52	1
22	53	1
22	59	1
22	60	1
22	62	1
22	63	1
22	67	1
22	68	1
22	69	1
22	70	1
22	71	1
22	85	1
22	86	1
22	87	1
22	88	1
22	89	1
22	91	1
22	93	1
22	97	1
22	98	1
22	99	1
22	100	1
22	102	1
22	105	1
22	107	1
22	109	1
22	113	1
22	114	1
22	115	1
22	117	1
22	118	1
22	120	1
23	25	1
23	26	1
23	27	1
23	29	1
23	31	1
23	33	1
23	34	1
23	36	1
23	37	1
23	40	1
23	41	1
23	42	1
23	45	1
23	46	1
23	48	1
23	50	1
23	51	1
23	52	1
23	53	1
23	59	1
23	60	1
23	62	1
23	63	1
23	67	1
23	68	1
23	69	1
23	70	1
23	71	1
23	85	1
23	86	1
23	87	1
23	88	1
23	89	1
23	91	1
23	93	1
23	97	1
23	98	1
23	99	1
23	100	1
23	102	1
23	105	1
23	107	1
23	109	1
23	113	1
23	114	1
23	115	1
23	117	1
23	118	1
23	120	1
23	126	1
24	28	1
24	32	1
24	35	1
24	56	1
24	57	1
24	73	1
24	74	1
24	80	1
24	83	1
24	94	1
24	96	1
24	101	1
24	103	1
24	104	1
24	106	1
24	110	1
24	111	1
24	112	1
24	116	1
24	128	1
24	136	1
24	137	1
24	139	1
24	142	1
24	143	1
24	25	0.5
24	26	0.5
24	27	0.5
24	29	0.5
24	31	0.5
24	33	0.5
24	34	0.5
24	36	0.5
24	37	0.5
24	40	0.5
24	41	0.5
24	42	0.5
24	45	0.5
24	46	0.5
24	48	0.5
24	50	0.5
24	51	0.5
24	52	0.5
24	53	0.5
24	59	0.5
24	60	0.5
24	62	0.5
24	63	0.5
24	67	0.5
24	68	0.5
25	26	1
25	27	1
25	29	1
25	31	1
25	33	1
25	34	1
25	36	1
25	37	1
25	40	1
25	41	1
25	42	1
25	45	1
25	46	1
25	48	1
25	50	1
25	51	1
25	52	1
25	53	1
25	59	1
25	60	1
25	62	1
25	63	1
25	67	1
25	68	1
25	69	1
25	70	1
25	71	1
25	85	1
25	86	1
25	87	1
25	88	1
25	89	1
25	91	1
25	93	1
25	97	1
25	98	1
25	99	1
25	100	1
25	102	1
25	105	1
25	107	1
25	109	1
25	113	1
25	114	1
25	115	1
25	117	1
25	118	1
25	120	1
25	126	1
25	130	1
26	27	1
26	29	1
26	31	1
26	33	1
26	34	1
26	36	1
26	37	1
26	40	1
26	41	1
26	42	1
26	45	1
26	46	1
26	48	1
26	50	1
26	51	1
26	52	1
26	53	1
26	59	1
26	60	1
26	62	1
26	63	1
26	67	1
26	68	1
26	69	1
26	70	1
26	71	1
26	85	1
26	86	1
26	87	1
26	88	1
26	89	1
26	91	1
26	93	1
26	97	1
26	98	1
26	99	1
26	100	1
26	102	1
26	105	1
26	107	1
26	109	1
26	113	1
26	114	1
26	115	1
26	117	1
26	118	1
26	120	1
26	126	1
26	130	1
26	131	1
27	29	1
27	31	1
27	33	1
27	34	1
27	36	1
27	37	1
27	40	1
27	41	1
27	42	1
27	45	1
27	46	1
27	48	1
27	50	1
27	51	1
27	52	1
27	53	1
27	59	1
27	60	1
27	62	1
27	63	1
27	67	1
27	68	1
27	69	1
27	70	1
27	71	1
27	85	1
27	86	1
27	87	1
27	88	1
27	89	1
27	91	1
27	93	1
27	97	1
27	98	1
27	99	1
27	100	1
27	102	1
27	105	1
27	107	1
27	109	1
27	113	1
27	114	1
27	115	1
27	117	1
27	118	1
27	120	1
27	126	1
27	130	1
27	131	1
27	133	1
28	32	1
28	35	1
28	56	1
28	57	1
28	73	1
28	74	1
28	80	1
28	83	1
28	94	1
28	96	1
28	101	1
28	103	1
28	104	1
28	106	1
28	110	1
28	111	1
28	112	1
28	116	1
28	128	1
28	136	1
28	137	1
28	139	1
28	142	1
28	143	1
28	29	0.5
28	31	0.5
28	33	0.5
28	34	0.5
28	36	0.5
28	37	0.5
28	40	0.5
28	41	0.5
28	42	0.5
28	45	0.5
28	46	0.5
28	48	0.5
28	50	0.5
28	51	0.5
28	52	0.5
28	53	0.5
28	59	0.5
28	60	0.5
28	62	0.5
28	63	0.5
28	67	0.5
28	68	0.5
28	69	0.5
28	70	0.5
28	71	0.5
28	85	0.5
29	31	1
29	33	1
29	34	1
29	36	1
29	37	1
29	40	1
29	41	1
29	42	1
29	45	1
29	46	1
29	48	1
29	50	1
29	51	1
29	52	1
29	53	1
29	59	1
29	60	1
29	62	1
29	63	1
29	67	1
29	68	1
29	69	1
29	70	1
29	71	1
29	85	1
29	86	1
29	87	1
29	88	1
29	89	1
29	91	1
29	93	1
29	97	1
29	98	1
29	99	1
29	100	1
29	102	1
29	105	1
29	107	1
29	109	1
29	113	1
29	114	1
29	115	1
29	117	1
29	118	1
29	120	1
29	126	1
29	130	1
29	131	1
29	133	1
29	138	1
30	38	1
30	39	1
30	43	1
30	44	1
30	47	1
30	49	1
30	54	1
30	55	1
30	58	1
30	61	1
30	64	1
30	65	1
30	66	1
30	72	1
30	75	1
30	76	1
30	77	1
30	78	1
30	79	1
30	81	1
30	82	1
30	84	1
30	90	1
30	92	1
30	95	1
30	108	1
30	119	1
30	121	1
30	122	1
30	123	1
30	124	1
30	125	1
30	127	1
30	129	1
30	132	1
30	134	1
30	135	1
30	141	1
30	144	1
30	145	1
30	147	1
30	148	1
30	149	1
30	150	1
30	31	0.5
30	33	0.5
30	34	0.5
30	36	0.5
30	37	0.5
30	40	0.5
31	33	1
31	34	1
31	36	1
31	37	1
31	40	1
31	41	1
31	42	1
31	45	1
31	46	1
31	48	1
31	50	1
31	51	1
31	52	1
31	53	1
31	59	1
31	60	1
31	62	1
31	63	1
31	67	1
31	68	1
31	69	1
31	70	1
31	71	1
31	85	1
31	86	1
31	87	1
31	88	1
31	89	1
31	91	1
31	93	1
31	97	1
31	98	1
31	99	1
31	100	1
31	102	1
31	105	1
31	107	1
31	109	1
31	113	1
31	114	1
31	115	1
31	117	1
31	118	1
31	120	1
31	126	1
31	130	1
31	131	1
31	133	1
31	138	1
31	140	1
32	35	1
32	56	1
32	57	1
32	73	1
32	74	1
32	80	1
32	83	1
32	94	1
32	96	1
32	101	1
32	103	1
32	104	1
32	106	1
32	110	1
32	111	1
32	112	1
32	116	1
32	128	1
32	136	1
32	137	1
32	139	1
32	142	1
32	143	1
32	33	0.5
32	34	0.5
32	36	0.5
32	37	0.5
32	40	0.5
32	41	0.5
32	42	0.5
32	45	0.5
32	46	0.5
32	48	0.5
32	50	0.5
32	51	0.5
32	52	0.5
32	53	0.5
32	59	0.5
32	60	0.5
32	62	0.5
32	63	0.5
32	67	0.5
32	68	0.5
32	69	0.5
32	70	0.5
32	71	0.5
32	85	0.5
32	86	0.5
32	87	0.5
32	88	0.5
33	34	1
33	36	1
33	37	1
33	40	1
33	41	1
33	42	1
33	45	1
33	46	1
33	48	1
33	50	1
33	51	1
33	52	1
33	53	1
33	59	1
33	60	1
33	62	1
33	63	1
33	67	1
33	68	1
33	69	1
33	70	1
33	71	1
33	85	1
33	86	1
33	87	1
33	88	1
33	89	1
33	91	1
33	93	1
33	97	1
33	98	1
33	99	1
33	100	1
33	102	1
33	105	1
33	107	1
33	109	1
33	113	1
33	114	1
33	115	1
33	117	1
33	118	1
33	120	1
33	126	1
33	130	1
33	131	1
33	133	1
33	138	1
33	140	1
33	146	1
34	36	1
34	37	1
34	40	1
34	41	1
34	42	1
34	45	1
34	46	1
34	48	1
34	50	1
34	51	1
34	52	1
34	53	1
34	59	1
34	60	1
34	62	1
34	63	1
34	67	1
34	68	1
34	69	1
34	70	1
34	71	1
34	85	1
34	86	1
34	87	1
34	88	1
34	89	1
34	91	1
34	93	1
34	97	1
34	98	1
34	99	1
34	100	1
34	102	1
34	105	1
34	107	1
34	109	1
34	113	1
34	114	1
34	115	1
34	117	1
34	118	1
34	120	1
34	126	1
34	130	1
34	131	1
34	133	1
34	138	1
34	140	1
34	146	1
34	35	0.5
35	56	1
35	57	1
35	73	1
35	74	1
35	80	1
35	83	1
35	94	1
35	96	1
35	101	1
35	103	1
35	104	1
35	106	1
35	110	1
35	111	1
35	112	1
35	116	1
35	128	1
35	136	1
35	137	1
35	139	1
35	142	1
35	143	1
35	36	0.5
35	37	0.5
35	40	0.5
35	41	0.5
35	42	0.5
35	45	0.5
35	46	0.5
35	48	0.5
35	50	0.5
35	51	0.5
35	52	0.5
35	53	0.5
35	59	0.5
35	60	0.5
35	62	0.5
35	63	0.5
35	67	0.5
35	68	0.5
35	69	0.5
35	70	0.5
35	71	0.5
35	85	0.5
35	86	0.5
35	87	0.5
35	88	0.5
35	89	0.5
35	91	0.5
35	93	0.5
36	37	1
36	40	1
36	41	1
36	42	1
36	45	1
36	46	1
36	48	1
36	50	1
36	51	1
36	52	1
36	53	1
36	59	1
36	60	1
36	62	1
36	63	1
36	67	1
36	68	1
36	69	1
36	70	1
36	71	1
36	85	1
36	86	1
36	87	1
36	88	1
36	89	1
36	91	1
36	93	1
36	97	1
36	98	1
36	99	1
36	100	1
36	102	1
36	105	1
36	107	1
36	109	1
36	113	1
36	114	1
36	115	1
36	117	1
36	118	1
36	120	1
36	126	1
36	130	1
36	131	1
36	133	1
36	138	1
36	140	1
36	146	1
36	38	0.5
36	39	0.5
37	40	1
37	41	1
37	42	1
37	45	1
37	46	1
37	48	1
37	50	1
37	51	1
37	52	1
37	53	1
37	59	1
37	60	1
37	62	1
37	63	1
37	67	1
37	68	1
37	69	1
37	70	1
37	71	1
37	85	1
37	86	1
37	87	1
37	88	1
37	89	1
37	91	1
37	93	1
37	97	1
37	98	1
37	99	1
37	100	1
37	102	1
37	105	1
37	107	1
37	109	1
37	113	1
37	114	1
37	115	1
37	117	1
37	118	1
37	120	1
37	126	1
37	130	1
37	131	1
37	133	1
37	138	1
37	140	1
37	146	1
37	38	0.5
37	39	0.5
37	43	0.5
38	39	1
38	43	1
38	44	1
38	47	1
38	49	1
38	54	1
38	55	1
38	58	1
38	61	1
38	64	1
38	65	1
38	66	1
38	72	1
38	75	1
38	76	1
38	77	1
38	78	1
38	79	1
38	81	1
38	82	1
38	84	1
38	90	1
38	92	1
38	95	1
38	108	1
38	119	1
38	121	1
38	122	1
38	123	1
38	124	1
38	125	1
38	127	1
38	129	1
38	132	1
38	134	1
38	135	1
38	141	1
38	144	1
38	145	1
38	147	1
38	148	1
38	149	1
38	150	1
38	40	0.5
38	41	0.5
38	42	0.5
38	45	0.5
38	46	0.5
38	48	0.5
38	50	0.5
39	43	1
39	44	1
39	47	1
39	49	1
39	54	1
39	55	1
39	58	1
39	61	1
39	64	1
39	65	1
39	66	1
39	72	1
39	75	1
39	76	1
39	77	1
39	78	1
39	79	1
39	81	1
39	82	1
39	84	1
39	90	1
39	92	1
39	95	1
39	108	1
39	119	1
39	121	1
39	122	1
39	123	1
39	124	1
39	125	1
39	127	1
39	129	1
39	132	1
39	134	1
39	135	1
39	141	1
39	144	1
39	145	1
39	147	1
39	148	1
39	149	1
39	150	1
39	40	0.5
39	41	0.5
39	42	0.5
39	45	0.5
39	46	0.5
39	48	0.5
39	50	0.5
39	51	0.5
40	41	1
40	42	1
40	45	1
40	46	1
40	48	1
40	50	1
40	51	1
40	52	1
40	53	1
40	59	1
40	60	1
40	62	1
40	63	1
40	67	1
40	68	1
40	69	1
40	70	1
40	71	1
40	85	1
40	86	1
40	87	1
40	88	1
40	89	1
40	91	1
40	93	1
40	97	1
40	98	1
40	99	1
40	100	1
40	102	1
40	105	1
40	107	1
40	109	1
40	113	1
40	114	1
40	115	1
40	117	1
40	118	1
40	120	1
40	126	1
40	130	1
40	131	1
40	133	1
40	138	1
40	140	1
40	146	1
40	43	0.5
40	44	0.5
40	47	0.5
40	49	0.5
41	42	1
41	45	1
41	46	1
41	48	1
41	50	1
41	51	1
41	52	1
41	53	1
41	59	1
41	60	1
41	62	1
41	63	1
41	67	1
41	68	1
41	69	1
41	70	1
41	71	1
41	85	1
41	86	1
41	87	1
41	88	1
41	89	1
41	91	1
41	93	1
41	97	1
41	98	1
41	99	1
41	100	1
41	102	1
41	105	1
41	107	1
41	109	1
41	113	1
41	114	1
41	115	1
41	117	1
41	118	1
41	120	1
41	126	1
41	130	1
41	131	1
41	133	1
41	138	1
41	140	1
41	146	1
41	43	0.5
41	44	0.5
41	47	0.5
41	49	0.5
41	54	0.5
42	45	1
42	46	1
42	48	1
42	50	1
42	51	1
42	52	1
42	53	1
42	59	1
42	60	1
42	62	1
42	63	1
42	67	1
42	68	1
42	69	1
42	70	1
42	71	1
42	85	1
42	86	1
42	87	1
42	88	1
42	89	1
42	91	1
42	93	1
42	97	1
42	98	1
42	99	1
42	100	1
42	102	1
42	105	1
42	107	1
42	109	1
42	113	1
42	114	1
42	115	1
42	117	1
42	118	1
42	120	1
42	126	1
42	130	1
42	131	1
42	133	1
42	138	1
42	140	1
42	146	1
42	43	0.5
42	44	0.5
42	47	0.5
42	49	0.5
42	54	0.5
42	55	0.5
43	44	1
43	47	1
43	49	1
43	54	1
43	55	1
43	58	1
43	61	1
43	64	1
43	65	1
43	66	1
43	72	1
43	75	1
43	76	1
43	77	1
43	78	1
43	79	1
43	81	1
43	82	1
43	84	1
43	90	1
43	92	1
43	95	1
43	108	1
43	119	1
43	121	1
43	122	1
43	123	1
43	124	1
43	125	1
43	127	1
43	129	1
43	132	1
43	134	1
43	135	1
43	141	1
43	144	1
43	145	1
43	147	1
43	148	1
43	149	1
43	150	1
43	45	0.5
43	46	0.5
43	48	0.5
43	50	0.5
43	51	0.5
43	52	0.5
43	53	0.5
43	59	0.5
43	60	0.5
44	47	1
44	49	1
44	54	1
44	55	1
44	58	1
44	61	1
44	64	1
44	65	1
44	66	1
44	72	1
44	75	1
44	76	1
44	77	1
44	78	1
44	79	1
44	81	1
44	82	1
44	84	1
44	90	1
44	92	1
44	95	1
44	108	1
44	119	1
44	121	1
44	122	1
44	123	1
44	124	1
44	125	1
44	127	1
44	129	1
44	132	1
44	134	1
44	135	1
44	141	1
44	144	1
44	145	1
44	147	1
44	148	1
44	149	1
44	150	1
44	45	0.5
44	46	0.5
44	48	0.5
44	50	0.5
44	51	0.5
44	52	0.5
44	53	0.5
44	59	0.5
44	60	0.5
44	62	0.5
45	46	1
45	48	1
45	50	1
45	51	1
45	52	1
45	53	1
45	59	1
45	60	1
45	62	1
45	63	1
45	67	1
45	68	1
45	69	1
45	70	1
45	71	1
45	85	1
45	86	1
45	87	1
45	88	1
45	89	1
45	91	1
45	93	1
45	97	1
45	98	1
45	99	1
45	100	1
45	102	1
45	105	1
45	107	1
45	109	1
45	113	1
45	114	1
45	115	1
45	117	1
45	118	1
45	120	1
45	126	1
45	130	1
45	131	1
45	133	1
45	138	1
45	140	1
45	146	1
45	47	0.5
45	49	0.5
45	54	0.5
45	55	0.5
45	56	0.5
45	57	0.5
45	58	0.5
46	48	1
46	50	1
46	51	1
46	52	1
46	53	1
46	59	1
46	60	1
46	62	1
46	63	1
46	67	1
46	68	1
46	69	1
46	70	1
46	71	1
46	85	1
46	86	1
46	87	1
46	88	1
46	89	1
46	91	1
46	93	1
46	97	1
46	98	1
46	99	1
46	100	1
46	102	1
46	105	1
46	107	1
46	109	1
46	113	1
46	114	1
46	115	1
46	117	1
46	118	1
46	120	1
46	126	1
46	130	1
46	131	1
46	133	1
46	138	1
46	140	1
46	146	1
46	47	0.5
46	49	0.5
46	54	0.5
46	55	0.5
46	56	0.5
46	57	0.5
46	58	0.5
46	61	0.5
47	49	1
47	54	1
47	55	1
47	58	1
47	61	1
47	64	1
47	65	1
47	66	1
47	72	1
47	75	1
47	76	1
47	77	1
47	78	1
47	79	1
47	81	1
47	82	1
47	84	1
47	90	1
47	92	1
47	95	1
47	108	1
47	119	1
47	121	1
47	122	1
47	123	1
47	124	1
47	125	1
47	127	1
47	129	1
47	132	1
47	134	1
47	135	1
47	141	1
47	144	1
47	145	1
47	147	1
47	148	1
47	149	1
47	150	1
47	48	0.5
47	50	0.5
47	51	0.5
47	52	0.5
47	53	0.5
47	59	0.5
47	60	0.5
47	62	0.5
47	63	0.5
47	67	0.5
47	68	0.5
48	50	1
48	51	1
48	52	1
48	53	1
48	59	1
48	60	1
48	62	1
48	63	1
48	67	1
48	68	1
48	69	1
48	70	1
48	71	1
48	85	1
48	86	1
48	87	1
48	88	1
48	89	1
48	91	1
48	93	1
48	97	1
48	98	1
48	99	1
48	100	1
48	102	1
48	105	1
48	107	1
48	109	1
48	113	1
48	114	1
48	115	1
48	117	1
48	118	1
48	120	1
48	126	1
48	130	1
48	131	1
48	133	1
48	138	1
48	140	1
48	146	1
48	49	0.5
48	54	0.5
48	55	0.5
48	56	0.5
48	57	0.5
48	58	0.5
48	61	0.5
48	64	0.5
48	65	0.5
49	54	1
49	55	1
49	58	1
49	61	1
49	64	1
49	65	1
49	66	1
49	72	1
49	75	1
49	76	1
49	77	1
49	78	1
49	79	1
49	81	1
49	82	1
49	84	1
49	90	1
49	92	1
49	95	1
49	108	1
49	119	1
49	121	1
49	122	1
49	123	1
49	124	1
49	125	1
49	127	1
49	129	1
49	132	1
49	134	1
49	135	1
49	141	1
49	144	1
49	145	1
49	147	1
49	148	1
49	149	1
49	150	1
49	50	0.5
49	51	0.5
49	52	0.5
49	53	0.5
49	59	0.5
49	60	0.5
49	62	0.5
49	63	0.5
49	67	0.5
49	68	0.5
49	69	0.5
49	70	0.5
50	51	1
50	52	1
50	53	1
50	59	1
50	60	1
50	62	1
50	63	1
50	67	1
50	68	1
50	69	1
50	70	1
50	71	1
50	85	1
50	86	1
50	87	1
50	88	1
50	89	1
50	91	1
50	93	1
50	97	1
50	98	1
50	99	1
50	100	1
50	102	1
50	105	1
50	107	1
50	109	1
50	113	1
50	114	1
50	115	1
50	117	1
50	118	1
50	120	1
50	126	1
50	130	1
50	131	1
50	133	1
50	138	1
50	140	1
50	146	1
50	54	0.5
50	55	0.5
50	56	0.5
50	57	0.5
50	58	0.5
50	61	0.5
50	64	0.5
50	65	0.5
50	66	0.5
50	72	0.5
51	52	1
51	53	1
51	59	1
51	60	1
51	62	1
51	63	1
51	67	1
51	68	1
51	69	1
51	70	1
51	71	1
51	85	1
51	86	1
51	87	1
51	88	1
51	89	1
51	91	1
51	93	1
51	97	1
51	98	1
51	99	1
51	100	1
51	102	1
51	105	1
51	107	1
51	109	1
51	113	1
51	114	1
51	115	1
51	117	1
51	118	1
51	120	1
51	126	1
51	130	1
51	131	1
51	133	1
51	138	1
51	140	1
51	146	1
51	54	0.5
51	55	0.5
51	56	0.5
51	57	0.5
51	58	0.5
51	61	0.5
51	64	0.5
51	65	0.5
51	66	0.5
51	72	0.5
51	73	0.5
52	53	1
52	59	1
52	60	1
52	62	1
52	63	1
52	67	1
52	68	1
52	69	1
52	70	1
52	71	1
52	85	1
52	86	1
52	87	1
52	88	1
52	89	1
52	91	1
52	93	1
52	97	1
52	98	1
52	99	1
52	100	1
52	102	1
52	105	1
52	107	1
52	109	1
52	113	1
52	114	1
52	115	1
52	117	1
52	118	1
52	120	1
52	126	1
52	130	1
52	131	1
52	133	1
52	138	1
52	140	1
52	146	1
52	54	0.5
52	55	0.5
52	56	0.5
52	57	0.5
52	58	0.5
52	61	0.5
52	64	0.5
52	65	0.5
52	66	0.5
52	72	0.5
52	73	0.5
52	74	0.5
53	59	1
53	60	1
53	62	1
53	63	1
53	67	1
53	68	1
53	69	1
53	70	1
53	71	1
53	85	1
53	86	1
53	87	1
53	88	1
53	89	1
53	91	1
53	93	1
53	97	1
53	98	1
53	99	1
53	100	1
53	102	1
53	105	1
53	107	1
53	109	1
53	113	1
53	114	1
53	115	1
53	117	1
53	118	1
53	120	1
53	126	1
53	130	1
53	131	1
53	133	1
53	138	1
53	140	1
53	146	1
53	54	0.5
53	55	0.5
53	56	0.5
53	57	0.5
53	58	0.5
53	61	0.5
53	64	0.5
53	65	0.5
53	66	0.5
53	72	0.5
53	73	0.5
53	74	0.5
53	75	0.5
54	55	1
54	58	1
54	61	1
54	64	1
54	65	1
54	66	1
54	72	1
54	75	1
54	76	1
54	77	1
54	78	1
54	79	1
54	81	1
54	82	1
54	84	1
54	90	1
54	92	1
54	95	1
54	108	1
54	119	1
54	121	1
54	122	1
54	123	1
54	124	1
54	125	1
54	127	1
54	129	1
54	132	1
54	134	1
54	135	1
54	141	1
54	144	1
54	145	1
54	147	1
54	148	1
54	149	1
54	150	1
54	59	0.5
54	60	0.5
54	62	0.5
54	63	0.5
54	67	0.5
54	68	0.5
54	69	0.5
54	70	0.5
54	71	0.5
54	85	0.5
54	86	0.5
54	87	0.5
54	88	0.5
55	58	1
55	61	1
55	64	1
55	65	1
55	66	1
55	72	1
55	75	1
55	76	1
55	77	1
55	78	1
55	79	1
55	81	1
55	82	1
55	84	1
55	90	1
55	92	1
55	95	1
55	108	1
55	119	1
55	121	1
55	122	1
55	123	1
55	124	1
55	125	1
55	127	1
55	129	1
55	132	1
55	134	1
55	135	1
55	141	1
55	144	1
55	145	1
55	147	1
55	148	1
55	149	1
55	150	1
55	59	0.5
55	60	0.5
55	62	0.5
55	63	0.5
55	67	0.5
55	68	0.5
55	69	0.5
55	70	0.5
55	71	0.5
55	85	0.5
55	86	0.5
55	87	0.5
55	88	0.5
55	89	0.5
56	57	1
56	73	1
56	74	1
56	80	1
56	83	1
56	94	1
56	96	1
56	101	1
56	103	1
56	104	1
56	106	1
56	110	1
56	111	1
56	112	1
56	116	1
56	128	1
56	136	1
56	137	1
56	139	1
56	142	1
56	143	1
56	59	0.5
56	60	0.5
56	62	0.5
56	63	0.5
56	67	0.5
56	68	0.5
56	69	0.5
56	70	0.5
56	71	0.5
56	85	0.5
56	86	0.5
56	87	0.5
56	88	0.5
56	89	0.5
56	91	0.5
56	93	0.5
56	97	0.5
56	98	0.5
56	99	0.5
56	100	0.5
56	102	0.5
56	105	0.5
56	107	0.5
56	109	0.5
56	113	0.5
56	114	0.5
56	115	0.5
56	117	0.5
56	118	0.5
57	73	1
57	74	1
57	80	1
57	83	1
57	94	1
57	96	1
57	101	1
57	103	1
57	104	1
57	106	1
57	110	1
57	111	1
57	112	1
57	116	1
57	128	1
57	136	1
57	137	1
57	139	1
57	142	1
57	143	1
57	59	0.5
57	60	0.5
57	62	0.5
57	63	0.5
57	67	0.5
57	68	0.5
57	69	0.5
57	70	0.5
57	71	0.5
57	85	0.5
57	86	0.5
57	87	0.5
57	88	0.5
57	89	0.5
57	91	0.5
57	93	0.5
57	97	0.5
57	98	0.5
57	99	0.5
57	100	0.5
57	102	0.5
57	105	0.5
57	107	0.5
57	109	0.5
57	113	0.5
57	114	0.5
57	115	0.5
57	117	0.5
57	118	0.5
57	120	0.5
58	61	1
58	64	1
58	65	1
58	66	1
58	72	1
58	75	1
58	76	1
58	77	1
58	78	1
58	79	1
58	81	1
58	82	1
58	84	1
58	90	1
58	92	1
58	95	1
58	108	1
58	119	1
58	121	1
58	122	1
58	123	1
58	124	1
58	125	1
58	127	1
58	129	1
58	132	1
58	134	1
58	135	1
58	141	1
58	144	1
58	145	1
58	147	1
58	148	1
58	149	1
58	150	1
58	59	0.5
58	60	0.5
58	62	0.5
58	63	0.5
58	67	0.5
58	68	0.5
58	69	0.5
58	70	0.5
58	71	0.5
58	85	0.5
58	86	0.5
58	87	0.5
58	88	0.5
58	89	0.5
58	91	0.5
59	60	1
59	62	1
59	63	1
59	67	1
59	68	1
59	69	1
59	70	1
59	71	1
59	85	1
59	86	1
59	87	1
59	88	1
59	89	1
59	91	1
59	93	1
59	97	1
59	98	1
59	99	1
59	100	1
59	102	1
59	105	1
59	107	1
59	109	1
59	113	1
59	114	1
59	115	1
59	117	1
59	118	1
59	120	1
59	126	1
59	130	1
59	131	1
59	133	1
59	138	1
59	140	1
59	146	1
59	61	0.5
59	64	0.5
59	65	0.5
59	66	0.5
59	72	0.5
59	73	0.5
59	74	0.5
59	75	0.5
59	76	0.5
59	77	0.5
59	78	0.5
59	79	0.5
59	80	0.5
59	81	0.5
60	62	1
60	63	1
60	67	1
60	68	1
60	69	1
60	70	1
60	71	1
60	85	1
60	86	1
60	87	1
60	88	1
60	89	1
60	91	1
60	93	1
60	97	1
60	98	1
60	99	1
60	100	1
60	102	1
60	105	1
60	107	1
60	109	1
60	113	1
60	114	1
60	115	1
60	117	1
60	118	1
60	120	1
60	126	1
60	130	1
60	131	1
60	133	1
60	138	1
60	140	1
60	146	1
60	61	0.5
60	64	0.5
60	65	0.5
60	66	0.5
60	72	0.5
60	73	0.5
60	74	0.5
60	75	0.5
60	76	0.5
60	77	0.5
60	78	0.5
60	79	0.5
60	80	0.5
60	81	0.5
60	82	0.5
61	64	1
61	65	1
61	66	1
61	72	1
61	75	1
61	76	1
61	77	1
61	78	1
61	79	1
61	81	1
61	82	1
61	84	1
61	90	1
61	92	1
61	95	1
61	108	1
61	119	1
61	121	1
61	122	1
61	123	1
61	124	1
61	125	1
61	127	1
61	129	1
61	132	1
61	134	1
61	135	1
61	141	1
61	144	1
61	145	1
61	147	1
61	148	1
61	149	1
61	150	1
61	62	0.5
61	63	0.5
61	67	0.5
61	68	0.5
61	69	0.5
61	70	0.5
61	71	0.5
61	85	0.5
61	86	0.5
61	87	0.5
61	88	0.5
61	89	0.5
61	91	0.5
61	93	0.5
61	97	0.5
61	98	0.5
62	63	1
62	67	1
62	68	1
62	69	1
62	70	1
62	71	1
62	85	1
62	86	1
62	87	1
62	88	1
62	89	1
62	91	1
62	93	1
62	97	1
62	98	1
62	99	1
62	100	1
62	102	1
62	105	1
62	107	1
62	109	1
62	113	1
62	114	1
62	115	1
62	117	1
62	118	1
62	120	1
62	126	1
62	130	1
62	131	1
62	133	1
62	138	1
62	140	1
62	146	1
62	64	0.5
62	65	0.5
62	66	0.5
62	72	0.5
62	73	0.5
62	74	0.5
62	75	0.5
62	76	0.5
62	77	0.5
62	78	0.5
62	79	0.5
62	80	0.5
62	81	0.5
62	82	0.5
62	83	0.5
62	84	0.5
63	67	1
63	68	1
63	69	1
63	70	1
63	71	1
63	85	1
63	86	1
63	87	1
63	88	1
63	89	1
63	91	1
63	93	1
63	97	1
63	98	1
63	99	1
63	100	1
63	102	1
63	105	1
63	107	1
63	109	1
63	113	1
63	114	1
63	115	1
63	117	1
63	118	1
63	120	1
63	126	1
63	130	1
63	131	1
63	133	1
63	138	1
63	140	1
63	146	1
63	64	0.5
63	65	0.5
63	66	0.5
63	72	0.5
63	73	0.5
63	74	0.5
63	75	0.5
63	76	0.5
63	77	0.5
63	78	0.5
63	79	0.5
63	80	0.5
63	81	0.5
63	82	0.5
63	83	0.5
63	84	0.5
63	90	0.5
64	65	1
64	66	1
64	72	1
64	75	1
64	76	1
64	77	1
64	78	1
64	79	1
64	81	1
64	82	1
64	84	1
64	90	1
64	92	1
64	95	1
64	108	1
64	119	1
64	121	1
64	122	1
64	123	1
64	124	1
64	125	1
64	127	1
64	129	1
64	132	1
64	134	1
64	135	1
64	141	1
64	144	1
64	145	1
64	147	1
64	148	1
64	149	1
64	150	1
64	67	0.5
64	68	0.5
64	69	0.5
64	70	0.5
64	71	0.5
64	85	0.5
64	86	0.5
64	87	0.5
64	88	0.5
64	89	0.5
64	91	0.5
64	93	0.5
64	97	0.5
64	98	0.5
64	99	0.5
64	100	0.5
64	102	0.5
65	66	1
65	72	1
65	75	1
65	76	1
65	77	1
65	78	1
65	79	1
65	81	1
65	82	1
65	84	1
65	90	1
65	92	1
65	95	1
65	108	1
65	119	1
65	121	1
65	122	1
65	123	1
65	124	1
65	125	1
65	127	1
65	129	1
65	132	1
65	134	1
65	135	1
65	141	1
65	144	1
65	145	1
65	147	1
65	148	1
65	149	1
65	150	1
65	67	0.5
65	68	0.5
65	69	0.5
65	70	0.5
65	71	0.5
65	85	0.5
65	86	0.5
65	87	0.5
65	88	0.5
65	89	0.5
65	91	0.5
65	93	0.5
65	97	0.5
65	98	0.5
65	99	0.5
65	100	0.5
65	102	0.5
65	105	0.5
66	72	1
66	75	1
66	76	1
66	77	1
66	78	1
66	79	1
66	81	1
66	82	1
66	84	1
66	90	1
66	92	1
66	95	1
66	108	1
66	119	1
66	121	1
66	122	1
66	123	1
66	124	1
66	125	1
66	127	1
66	129	1
66	132	1
66	134	1
66	135	1
66	141	1
66	144	1
66	145	1
66	147	1
66	148	1
66	149	1
66	150	1
66	67	0.5
66	68	0.5
66	69	0.5
66	70	0.5
66	71	0.5
66	85	0.5
66	86	0.5
66	87	0.5
66	88	0.5
66	89	0.5
66	91	0.5
66	93	0.5
66	97	0.5
66	98	0.5
66	99	0.5
66	100	0.5
66	102	0.5
66	105	0.5
66	107	0.5
67	68	1
67	69	1
67	70	1
67	71	1
67	85	1
67	86	1
67	87	1
67	88	1
67	89	1
67	91	1
67	93	1
67	97	1
67	98	1
67	99	1
67	100	1
67	102	1
67	105	1
67	107	1
67	109	1
67	113	1
67	114	1
67	115	1
67	117	1
67	118	1
67	120	1
67	126	1
67	130	1
67	131	1
67	133	1
67	138	1
67	140	1
67	146	1
67	72	0.5
67	73	0.5
67	74	0.5
67	75	0.5
67	76	0.5
67	77	0.5
67	78	0.5
67	79	0.5
67	80	0.5
67	81	0.5
67	82	0.5
67	83	0.5
67	84	0.5
67	90	0.5
67	92	0.5
67	94	0.5
67	95	0.5
67	96	0.5
68	69	1
68	70	1
68	71	1
68	85	1
68	86	1
68	87	1
68	88	1
68	89	1
68	91	1
68	93	1
68	97	1
68	98	1
68	99	1
68	100	1
68	102	1
68	105	1
68	107	1
68	109	1
68	113	1
68	114	1
68	115	1
68	117	1
68	118	1
68	120	1
68	126	1
68	130	1
68	131	1
68	133	1
68	138	1
68	140	1
68	146	1
68	72	0.5
68	73	0.5
68	74	0.5
68	75	0.5
68	76	0.5
68	77	0.5
68	78	0.5
68	79	0.5
68	80	0.5
68	81	0.5
68	82	0.5
68	83	0.5
68	84	0.5
68	90	0.5
68	92	0.5
68	94	0.5
68	95	0.5
68	96	0.5
68	101	0.5
69	70	1
69	71	1
69	85	1
69	86	1
69	87	1
69	88	1
69	89	1
69	91	1
69	93	1
69	97	1
69	98	1
69	99	1
69	100	1
69	102	1
69	105	1
69	107	1
69	109	1
69	113	1
69	114	1
69	115	1
69	117	1
69	118	1
69	120	1
69	126	1
69	130	1
69	131	1
69	133	1
69	138	1
69	140	1
69	146	1
69	72	0.5
69	73	0.5
69	74	0.5
69	75	0.5
69	76	0.5
69	77	0.5
69	78	0.5
69	79	0.5
69	80	0.5
69	81	0.5
69	82	0.5
69	83	0.5
69	84	0.5
69	90	0.5
69	92	0.5
69	94	0.5
69	95	0.5
69	96	0.5
69	101	0.5
69	103	0.5
70	71	1
70	85	1
70	86	1
70	87	1
70	88	1
70	89	1
70	91	1
70	93	1
70	97	1
70	98	1
70	99	1
70	100	1
70	102	1
70	105	1
70	107	1
70	109	1
70	113	1
70	114	1
70	115	1
70	117	1
70	118	1
70	120	1
70	126	1
70	130	1
70	131	1
70	133	1
70	138	1
70	140	1
70	146	1
70	72	0.5
70	73	0.5
70	74	0.5
70	75	0.5
70	76	0.5
70	77	0.5
70	78	0.5
70	79	0.5
70	80	0.5
70	81	0.5
70	82	0.5
70	83	0.5
70	84	0.5
70	90	0.5
70	92	0.5
70	94	0.5
70	95	0.5
70	96	0.5
70	101	0.5
70	103	0.5
70	104	0.5
71	85	1
71	86	1
71	87	1
71	88	1
71	89	1
71	91	1
71	93	1
71	97	1
71	98	1
71	99	1
71	100	1
71	102	1
71	105	1
71	107	1
71	109	1
71	113	1
71	114	1
71	115	1
71	117	1
71	118	1
71	120	1
71	126	1
71	130	1
71	131	1
71	133	1
71	138	1
71	140	1
71	146	1
71	72	0.5
71	73	0.5
71	74	0.5
71	75	0.5
71	76	0.5
71	77	0.5
71	78	0.5
71	79	0.5
71	80	0.5
71	81	0.5
71	82	0.5
71	83	0.5
71	84	0.5
71	90	0.5
71	92	0.5
71	94	0.5
71	95	0.5
71	96	0.5
71	101	0.5
71	103	0.5
71	104	0.5
71	106	0.5
72	75	1
72	76	1
72	77	1
72	78	1
72	79	1
72	81	1
72	82	1
72	84	1
72	90	1
72	92	1
72	95	1
72	108	1
72	119	1
72	121	1
72	122	1
72	123	1
72	124	1
72	125	1
72	127	1
72	129	1
72	132	1
72	134	1
72	135	1
72	141	1
72	144	1
72	145	1
72	147	1
72	148	1
72	149	1
72	150	1
72	85	0.5
72	86	0.5
72	87	0.5
72	88	0.5
72	89	0.5
72	91	0.5
72	93	0.5
72	97	0.5
72	98	0.5
72	99	0.5
72	100	0.5
72	102	0.5
72	105	0.5
72	107	0.5
72	109	0.5
72	113	0.5
72	114	0.5
72	115	0.5
72	117	0.5
72	118	0.5
73	74	1
73	80	1
73	83	1
73	94	1
73	96	1
73	101	1
73	103	1
73	104	1
73	106	1
73	110	1
73	111	1
73	112	1
73	116	1
73	128	1
73	136	1
73	137	1
73	139	1
73	142	1
73	143	1
73	85	0.5
73	86	0.5
73	87	0.5
73	88	0.5
73	89	0.5
73	91	0.5
73	93	0.5
73	97	0.5
73	98	0.5
73	99	0.5
73	100	0.5
73	102	0.5
73	105	0.5
73	107	0.5
73	109	0.5
73	113	0.5
73	114	0.5
73	115	0.5
73	117	0.5
73	118	0.5
73	120	0.5
73	126	0.5
73	130	0.5
73	131	0.5
73	133	0.5
73	138	0.5
73	140	0.5
73	146	0.5
74	80	1
74	83	1
74	94	1
74	96	1
74	101	1
74	103	1
74	104	1
74	106	1
74	110	1
74	111	1
74	112	1
74	116	1
74	128	1
74	136	1
74	137	1
74	139	1
74	142	1
74	143	1
74	85	0.5
74	86	0.5
74	87	0.5
74	88	0.5
74	89	0.5
74	91	0.5
74	93	0.5
74	97	0.5
74	98	0.5
74	99	0.5
74	100	0.5
74	102	0.5
74	105	0.5
74	107	0.5
74	109	0.5
74	113	0.5
74	114	0.5
74	115	0.5
74	117	0.5
74	118	0.5
74	120	0.5
74	126	0.5
74	130	0.5
74	131	0.5
74	133	0.5
74	138	0.5
74	140	0.5
74	146	0.5
75	76	1
75	77	1
75	78	1
75	79	1
75	81	1
75	82	1
75	84	1
75	90	1
75	92	1
75	95	1
75	108	1
75	119	1
75	121	1
75	122	1
75	123	1
75	124	1
75	125	1
75	127	1
75	129	1
75	132	1
75	134	1
75	135	1
75	141	1
75	144	1
75	145	1
75	147	1
75	148	1
75	149	1
75	150	1
75	85	0.5
75	86	0.5
75	87	0.5
75	88	0.5
75	89	0.5
75	91	0.5
75	93	0.5
75	97	0.5
75	98	0.5
75	99	0.5
75	100	0.5
75	102	0.5
75	105	0.5
75	107	0.5
75	109	0.5
75	113	0.5
75	114	0.5
75	115	0.5
75	117	0.5
75	118	0.5
75	120	0.5
76	77	1
76	78	1
76	79	1
76	81	1
76	82	1
76	84	1
76	90	1
76	92	1
76	95	1
76	108	1
76	119	1
76	121	1
76	122	1
76	123	1
76	124	1
76	125	1
76	127	1
76	129	1
76	132	1
76	134	1
76	135	1
76	141	1
76	144	1
76	145	1
76	147	1
76	148	1
76	149	1
76	150	1
76	85	0.5
76	86	0.5
76	87	0.5
76	88	0.5
76	89	0.5
76	91	0.5
76	93	0.5
76	97	0.5
76	98	0.5
76	99	0.5
76	100	0.5
76	102	0.5
76	105	0.5
76	107	0.5
76	109	0.5
76	113	0.5
76	114	0.5
76	115	0.5
76	117	0.5
76	118	0.5
76	120	0.5
76	126	0.5
77	78	1
77	79	1
77	81	1
77	82	1
77	84	1
77	90	1
77	92	1
77	95	1
77	108	1
77	119	1
77	121	1
77	122	1
77	123	1
77	124	1
77	125	1
77	127	1
77	129	1
77	132	1
77	134	1
77	135	1
77	141	1
77	144	1
77	145	1
77	147	1
77	148	1
77	149	1
77	150	1
77	85	0.5
77	86	0.5
77	87	0.5
77	88	0.5
77	89	0.5
77	91	0.5
77	93	0.5
77	97	0.5
77	98	0.5
77	99	0.5
77	100	0.5
77	102	0.5
77	105	0.5
77	107	0.5
77	109	0.5
77	113	0.5
77	114	0.5
77	115	0.5
77	117	0.5
77	118	0.5
77	120	0.5
77	126	0.5
77	130	0.5
78	79	1
78	81	1
78	82	1
78	84	1
78	90	1
78	92	1
78	95	1
78	108	1
78	119	1
78	121	1
78	122	1
78	123	1
78	124	1
78	125	1
78	127	1
78	129	1
78	132	1
78	134	1
78	135	1
78	141	1
78	144	1
78	145	1
78	147	1
78	148	1
78	149	1
78	150	1
78	85	0.5
78	86	0.5
78	87	0.5
78	88	0.5
78	89	0.5
78	91	0.5
78	93	0.5
78	97	0.5
78	98	0.5
78	99	0.5
78	100	0.5
78	102	0.5
78	105	0.5
78	107	0.5
78	109	0.5
78	113	0.5
78	114	0.5
78	115	0.5
78	117	0.5
78	118	0.5
78	120	0.5
78	126	0.5
78	130	0.5
78	131	0.5
79	81	1
79	82	1
79	84	1
79	90	1
79	92	1
79	95	1
79	108	1
79	119	1
79	121	1
79	122	1
79	123	1
79	124	1
79	125	1
79	127	1
79	129	1
79	132	1
79	134	1
79	135	1
79	141	1
79	144	1
79	145	1
79	147	1
79	148	1
79	149	1
79	150	1
79	85	0.5
79	86	0.5
79	87	0.5
79	88	0.5
79	89	0.5
79	91	0.5
79	93	0.5
79	97	0.5
79	98	0.5
79	99	0.5
79	100	0.5
79	102	0.5
79	105	0.5
79	107	0.5
79	109	0.5
79	113	0.5
79	114	0.5
79	115	0.5
79	117	0.5
79	118	0.5
79	120	0.5
79	126	0.5
79	130	0.5
79	131	0.5
79	133	0.5
80	83	1
80	94	1
80	96	1
80	101	1
80	103	1
80	104	1
80	106	1
80	110	1
80	111	1
80	112	1
80	116	1
80	128	1
80	136	1
80	137	1
80	139	1
80	142	1
80	143	1
80	85	0.5
80	86	0.5
80	87	0.5
80	88	0.5
80	89	0.5
80	91	0.5
80	93	0.5
80	97	0.5
80	98	0.5
80	99	0.5
80	100	0.5
80	102	0.5
80	105	0.5
80	107	0.5
80	109	0.5
80	113	0.5
80	114	0.5
80	115	0.5
80	117	0.5
80	118	0.5
80	120	0.5
80	126	0.5
80	130	0.5
80	131	0.5
80	133	0.5
80	138	0.5
80	140	0.5
80	146	0.5
81	82	1
81	84	1
81	90	1
81	92	1
81	95	1
81	108	1
81	119	1
81	121	1
81	122	1
81	123	1
81	124	1
81	125	1
81	127	1
81	129	1
81	132	1
81	134	1
81	135	1
81	141	1
81	144	1
81	145	1
81	147	1
81	148	1
81	149	1
81	150	1
81	85	0.5
81	86	0.5
81	87	0.5
81	88	0.5
81	89	0.5
81	91	0.5
81	93	0.5
81	97	0.5
81	98	0.5
81	99	0.5
81	100	0.5
81	102	0.5
81	105	0.5
81	107	0.5
81	109	0.5
81	113	0.5
81	114	0.5
81	115	0.5
81	117	0.5
81	118	0.5
81	120	0.5
81	126	0.5
81	130	0.5
81	131	0.5
81	133	0.5
81	138	0.5
82	84	1
82	90	1
82	92	1
82	95	1
82	108	1
82	119	1
82	121	1
82	122	1
82	123	1
82	124	1
82	125	1
82	127	1
82	129	1
82	132	1
82	134	1
82	135	1
82	141	1
82	144	1
82	145	1
82	147	1
82	148	1
82	149	1
82	150	1
82	85	0.5
82	86	0.5
82	87	0.5
82	88	0.5
82	89	0.5
82	91	0.5
82	93	0.5
82	97	0.5
82	98	0.5
82	99	0.5
82	100	0.5
82	102	0.5
82	105	0.5
82	107	0.5
82	109	0.5
82	113	0.5
82	114	0.5
82	115	0.5
82	117	0.5
82	118	0.5
82	120	0.5
82	126	0.5
82	130	0.5
82	131	0.5
82	133	0.5
82	138	0.5
82	140	0.5
83	94	1
83	96	1
83	101	1
83	103	1
83	104	1
83	106	1
83	110	1
83	111	1
83	112	1
83	116	1
83	128	1
83	136	1
83	137	1
83	139	1
83	142	1
83	143	1
83	85	0.5
83	86	0.5
83	87	0.5
83	88	0.5
83	89	0.5
83	91	0.5
83	93	0.5
83	97	0.5
83	98	0.5
83	99	0.5
83	100	0.5
83	102	0.5
83	105	0.5
83	107	0.5
83	109	0.5
83	113	0.5
83	114	0.5
83	115	0.5
83	117	0.5
83	118	0.5
83	120	0.5
83	126	0.5
83	130	0.5
83	131	0.5
83	133	0.5
83	138	0.5
83	140	0.5
83	146	0.5
84	90	1
84	92	1
84	95	1
84	108	1
84	119	1
84	121	1
84	122	1
84	123	1
84	124	1
84	125	1
84	127	1
84	129	1
84	132	1
84	134	1
84	135	1
84	141	1
84	144	1
84	145	1
84	147	1
84	148	1
84	149	1
84	150	1
84	85	0.5
84	86	0.5
84	87	0.5
84	88	0.5
84	89	0.5
84	91	0.5
84	93	0.5
84	97	0.5
84	98	0.5
84	99	0.5
84	100	0.5
84	102	0.5
84	105	0.5
84	107	0.5
84	109	0.5
84	113	0.5
84	114	0.5
84	115	0.5
84	117	0.5
84	118	0.5
84	120	0.5
84	126	0.5
84	130	0.5
84	131	0.5
84	133	0.5
84	138	0.5
84	140	0.5
84	146	0.5
85	86	1
85	87	1
85	88	1
85	89	1
85	91	1
85	93	1
85	97	1
85	98	1
85	99	1
85	100	1
85	102	1
85	105	1
85	107	1
85	109	1
85	113	1
85	114	1
85	115	1
85	117	1
85	118	1
85	120	1
85	126	1
85	130	1
85	131	1
85	133	1
85	138	1
85	140	1
85	146	1
85	90	0.5
85	92	0.5
85	94	0.5
85	95	0.5
85	96	0.5
85	101	0.5
85	103	0.5
85	104	0.5
85	106	0.5
85	108	0.5
85	110	0.5
85	111	0.5
85	112	0.5
85	116	0.5
85	119	0.5
85	121	0.5
85	122	0.5
85	123	0.5
85	124	0.5
85	125	0.5
85	127	0.5
85	128	0.5
85	129	0.5
86	87	1
86	88	1
86	89	1
86	91	1
86	93	1
86	97	1
86	98	1
86	99	1
86	100	1
86	102	1
86	105	1
86	107	1
86	109	1
86	113	1
86	114	1
86	115	1
86	117	1
86	118	1
86	120	1
86	126	1
86	130	1
86	131	1
86	133	1
86	138	1
86	140	1
86	146	1
86	90	0.5
86	92	0.5
86	94	0.5
86	95	0.5
86	96	0.5
86	101	0.5
86	103	0.5
86	104	0.5
86	106	0.5
86	108	0.5
86	110	0.5
86	111	0.5
86	112	0.5
86	116	0.5
86	119	0.5
86	121	0.5
86	122	0.5
86	123	0.5
86	124	0.5
86	125	0.5
86	127	0.5
86	128	0.5
86	129	0.5
86	132	0.5
87	88	1
87	89	1
87	91	1
87	93	1
87	97	1
87	98	1
87	99	1
87	100	1
87	102	1
87	105	1
87	107	1
87	109	1
87	113	1
87	114	1
87	115	1
87	117	1
87	118	1
87	120	1
87	126	1
87	130	1
87	131	1
87	133	1
87	138	1
87	140	1
87	146	1
87	90	0.5
87	92	0.5
87	94	0.5
87	95	0.5
87	96	0.5
87	101	0.5
87	103	0.5
87	104	0.5
87	106	0.5
87	108	0.5
87	110	0.5
87	111	0.5
87	112	0.5
87	116	0.5
87	119	0.5
87	121	0.5
87	122	0.5
87	123	0.5
87	124	0.5
87	125	0.5
87	127	0.5
87	128	0.5
87	129	0.5
87	132	0.5
87	134	0.5
88	89	1
88	91	1
88	93	1
88	97	1
88	98	1
88	99	1
88	100	1
88	102	1
88	105	1
88	107	1
88	109	1
88	113	1
88	114	1
88	115	1
88	117	1
88	118	1
88	120	1
88	126	1
88	130	1
88	131	1
88	133	1
88	138	1
88	140	1
88	146	1
88	90	0.5
88	92	0.5
88	94	0.5
88	95	0.5
88	96	0.5
88	101	0.5
88	103	0.5
88	104	0.5
88	106	0.5
88	108	0.5
88	110	0.5
88	111	0.5
88	112	0.5
88	116	0.5
88	119	0.5
88	121	0.5
88	122	0.5
88	123	0.5
88	124	0.5
88	125	0.5
88	127	0.5
88	128	0.5
88	129	0.5
88	132	0.5
88	134	0.5
88	135	0.5
89	91	1
89	93	1
89	97	1
89	98	1
89	99	1
89	100	1
89	102	1
89	105	1
89	107	1
89	109	1
89	113	1
89	114	1
89	115	1
89	117	1
89	118	1
89	120	1
89	126	1
89	130	1
89	131	1
89	133	1
89	138	1
89	140	1
89	146	1
89	90	0.5
89	92	0.5
89	94	0.5
89	95	0.5
89	96	0.5
89	101	0.5
89	103	0.5
89	104	0.5
89	106	0.5
89	108	0.5
89	110	0.5
89	111	0.5
89	112	0.5
89	116	0.5
89	119	0.5
89	121	0.5
89	122	0.5
89	123	0.5
89	124	0.5
89	125	0.5
89	127	0.5
89	128	0.5
89	129	0.5
89	132	0.5
89	134	0.5
89	135	0.5
89	136	0.5
90	92	1
90	95	1
90	108	1
90	119	1
90	121	1
90	122	1
90	123	1
90	124	1
90	125	1
90	127	1
90	129	1
90	132	1
90	134	1
90	135	1
90	141	1
90	144	1
90	145	1
90	147	1
90	148	1
90	149	1
90	150	1
90	91	0.5
90	93	0.5
90	97	0.5
90	98	0.5
90	99	0.5
90	100	0.5
90	102	0.5
90	105	0.5
90	107	0.5
90	109	0.5
90	113	0.5
90	114	0.5
90	115	0.5
90	117	0.5
90	118	0.5
90	120	0.5
90	126	0.5
90	130	0.5
90	131	0.5
90	133	0.5
90	138	0.5
90	140	0.5
90	146	0.5
91	93	1
91	97	1
91	98	1
91	99	1
91	100	1
91	102	1
91	105	1
91	107	1
91	109	1
91	113	1
91	114	1
91	115	1
91	117	1
91	118	1
91	120	1
91	126	1
91	130	1
91	131	1
91	133	1
91	138	1
91	140	1
91	146	1
91	92	0.5
91	94	0.5
91	95	0.5
91	96	0.5
91	101	0.5
91	103	0.5
91	104	0.5
91	106	0.5
91	108	0.5
91	110	0.5
91	111	0.5
91	112	0.5
91	116	0.5
91	119	0.5
91	121	0.5
91	122	0.5
91	123	0.5
91	124	0.5
91	125	0.5
91	127	0.5
91	128	0.5
91	129	0.5
91	132	0.5
91	134	0.5
91	135	0.5
91	136	0.5
91	137	0.5
91	139	0.5
92	95	1
92	108	1
92	119	1
92	121	1
92	122	1
92	123	1
92	124	1
92	125	1
92	127	1
92	129	1
92	132	1
92	134	1
92	135	1
92	141	1
92	144	1
92	145	1
92	147	1
92	148	1
92	149	1
92	150	1
92	93	0.5
92	97	0.5
92	98	0.5
92	99	0.5
92	100	0.5
92	102	0.5
92	105	0.5
92	107	0.5
92	109	0.5
92	113	0.5
92	114	0.5
92	115	0.5
92	117	0.5
92	118	0.5
92	120	0.5
92	126	0.5
92	130	0.5
92	131	0.5
92	133	0.5
92	138	0.5
92	140	0.5
92	146	0.5
93	97	1
93	98	1
93	99	1
93	100	1
93	102	1
93	105	1
93	107	1
93	109	1
93	113	1
93	114	1
93	115	1
93	117	1
93	118	1
93	120	1
93	126	1
93	130	1
93	131	1
93	133	1
93	138	1
93	140	1
93	146	1
93	94	0.5
93	95	0.5
93	96	0.5
93	101	0.5
93	103	0.5
93	104	0.5
93	106	0.5
93	108	0.5
93	110	0.5
93	111	0.5
93	112	0.5
93	116	0.5
93	119	0.5
93	121	0.5
93	122	0.5
93	123	0.5
93	124	0.5
93	125	0.5
93	127	0.5
93	128	0.5
93	129	0.5
93	132	0.5
93	134	0.5
93	135	0.5
93	136	0.5
93	137	0.5
93	139	0.5
93	141	0.5
93	142	0.5
94	96	1
94	101	1
94	103	1
94	104	1
94	106	1
94	110	1
94	111	1
94	112	1
94	116	1
94	128	1
94	136	1
94	137	1
94	139	1
94	142	1
94	143	1
94	97	0.5
94	98	0.5
94	99	0.5
94	100	0.5
94	102	0.5
94	105	0.5
94	107	0.5
94	109	0.5
94	113	0.5
94	114	0.5
94	115	0.5
94	117	0.5
94	118	0.5
94	120	0.5
94	126	0.5
94	130	0.5
94	131	0.5
94	133	0.5
94	138	0.5
94	140	0.5
94	146	0.5
95	108	1
95	119	1
95	121	1
95	122	1
95	123	1
95	124	1
95	125	1
95	127	1
95	129	1
95	132	1
95	134	1
95	135	1
95	141	1
95	144	1
95	145	1
95	147	1
95	148	1
95	149	1
95	150	1
95	97	0.5
95	98	0.5
95	99	0.5
95	100	0.5
95	102	0.5
95	105	0.5
95	107	0.5
95	109	0.5
95	113	0.5
95	114	0.5
95	115	0.5
95	117	0.5
95	118	0.5
95	120	0.5
95	126	0.5
95	130	0.5
95	131	0.5
95	133	0.5
95	138	0.5
95	140	0.5
95	146	0.5
96	101	1
96	103	1
96	104	1
96	106	1
96	110	1
96	111	1
96	112	1
96	116	1
96	128	1
96	136	1
96	137	1
96	139	1
96	142	1
96	143	1
96	97	0.5
96	98	0.5
96	99	0.5
96	100	0.5
96	102	0.5
96	105	0.5
96	107	0.5
96	109	0.5
96	113	0.5
96	114	0.5
96	115	0.5
96	117	0.5
96	118	0.5
96	120	0.5
96	126	0.5
96	130	0.5
96	131	0.5
96	133	0.5
96	138	0.5
96	140	0.5
96	146	0.5
97	98	1
97	99	1
97	100	1
97	102	1
97	105	1
97	107	1
97	109	1
97	113	1
97	114	1
97	115	1
97	117	1
97	118	1
97	120	1
97	126	1
97	130	1
97	131	1
97	133	1
97	138	1
97	140	1
97	146	1
97	101	0.5
97	103	0.5
97	104	0.5
97	106	0.5
97	108	0.5
97	110	0.5
97	111	0.5
97	112	0.5
97	116	0.5
97	119	0.5
97	121	0.5
97	122	0.5
97	123	0.5
97	124	0.5
97	125	0.5
97	127	0.5
97	128	0.5
97	129	0.5
97	132	0.5
97	134	0.5
97	135	0.5
97	136	0.5
97	137	0.5
97	139	0.5
97	141	0.5
97	142	0.5
97	143	0.5
97	144	0.5
97	145	0.5
97	147	0.5
98	99	1
98	100	1
98	102	1
98	105	1
98	107	1
98	109	1
98	113	1
98	114	1
98	115	1
98	117	1
98	118	1
98	120	1
98	126	1
98	130	1
98	131	1
98	133	1
98	138	1
98	140	1
98	146	1
98	101	0.5
98	103	0.5
98	104	0.5
98	106	0.5
98	108	0.5
98	110	0.5
98	111	0.5
98	112	0.5
98	116	0.5
98	119	0.5
98	121	0.5
98	122	0.5
98	123	0.5
98	124	0.5
98	125	0.5
98	127	0.5
98	128	0.5
98	129	0.5
98	132	0.5
98	134	0.5
98	135	0.5
98	136	0.5
98	137	0.5
98	139	0.5
98	141	0.5
98	142	0.5
98	143	0.5
98	144	0.5
98	145	0.5
98	147	0.5
98	148	0.5
99	100	1
99	102	1
99	105	1
99	107	1
99	109	1
99	113	1
99	114	1
99	115	1
99	117	1
99	118	1
99	120	1
99	126	1
99	130	1
99	131	1
99	133	1
99	138	1
99	140	1
99	146	1
99	101	0.5
99	103	0.5
99	104	0.5
99	106	0.5
99	108	0.5
99	110	0.5
99	111	0.5
99	112	0.5
99	116	0.5
99	119	0.5
99	121	0.5
99	122	0.5
99	123	0.5
99	124	0.5
99	125	0.5
99	127	0.5
99	128	0.5
99	129	0.5
99	132	0.5
99	134	0.5
99	135	0.5
99	136	0.5
99	137	0.5
99	139	0.5
99	141	0.5
99	142	0.5
99	143	0.5
99	144	0.5
99	145	0.5
99	147	0.5
99	148	0.5
99	149	0.5
100	102	1
100	105	1
100	107	1
100	109	1
100	113	1
100	114	1
100	115	1
100	117	1
100	118	1
100	120	1
100	126	1
100	130	1
100	131	1
100	133	1
100	138	1
100	140	1
100	146	1
100	101	0.5
100	103	0.5
100	104	0.5
100	106	0.5
100	108	0.5
100	110	0.5
100	111	0.5
100	112	0.5
100	116	0.5
100	119	0.5
100	121	0.5
100	122	0.5
100	123	0.5
100	124	0.5
100	125	0.5
100	127	0.5
100	128	0.5
100	129	0.5
100	132	0.5
100	134	0.5
100	135	0.5
100	136	0.5
100	137	0.5
100	139	0.5
100	141	0.5
100	142	0.5
100	143	0.5
100	144	0.5
100	145	0.5
100	147	0.5
100	148	0.5
100	149	0.5
100	150	0.5
101	103	1
101	104	1
101	106	1
101	110	1
101	111	1
101	112	1
101	116	1
101	128	1
101	136	1
101	137	1
101	139	1
101	142	1
101	143	1
101	102	0.5
101	105	0.5
101	107	0.5
101	109	0.5
101	113	0.5
101	114	0.5
101	115	0.5
101	117	0.5
101	118	0.5
101	120	0.5
101	126	0.5
101	130	0.5
101	131	0.5
101	133	0.5
101	138	0.5
101	140	0.5
101	146	0.5
102	105	1
102	107	1
102	109	1
102	113	1
102	114	1
102	115	1
102	117	1
102	118	1
102	120	1
102	126	1
102	130	1
102	131	1
102	133	1
102	138	1
102	140	1
102	146	1
102	103	0.5
102	104	0.5
102	106	0.5
102	108	0.5
102	110	0.5
102	111	0.5
102	112	0.5
102	116	0.5
102	119	0.5
102	121	0.5
102	122	0.5
102	123	0.5
102	124	0.5
102	125	0.5
102	127	0.5
102	128	0.5
102	129	0.5
102	132	0.5
102	134	0.5
102	135	0.5
102	136	0.5
102	137	0.5
102	139	0.5
102	141	0.5
102	142	0.5
102	143	0.5
102	144	0.5
102	145	0.5
102	147	0.5
102	148	0.5
102	149	0.5
102	150	0.5
103	104	1
103	106	1
103	110	1
103	111	1
103	112	1
103	116	1
103	128	1
103	136	1
103	137	1
103	139	1
103	142	1
103	143	1
103	105	0.5
103	107	0.5
103	109	0.5
103	113	0.5
103	114	0.5
103	115	0.5
103	117	0.5
103	118	0.5
103	120	0.5
103	126	0.5
103	130	0.5
103	131	0.5
103	133	0.5
103	138	0.5
103	140	0.5
103	146	0.5
104	106	1
104	110	1
104	111	1
104	112	1
104	116	1
104	128	1
104	136	1
104	137	1
104	139	1
104	142	1
104	143	1
104	105	0.5
104	107	0.5
104	109	0.5
104	113	0.5
104	114	0.5
104	115	0.5
104	117	0.5
104	118	0.5
104	120	0.5
104	126	0.5
104	130	0.5
104	131	0.5
104	133	0.5
104	138	0.5
104	140	0.5
104	146	0.5
105	107	1
105	109	1
105	113	1
105	114	1
105	115	1
105	117	1
105	118	1
105	120	1
105	126	1
105	130	1
105	131	1
105	133	1
105	138	1
105	140	1
105	146	1
105	106	0.5
105	108	0.5
105	110	0.5
105	111	0.5
105	112	0.5
105	116	0.5
105	119	0.5
105	121	0.5
105	122	0.5
105	123	0.5
105	124	0.5
105	125	0.5
105	127	0.5
105	128	0.5
105	129	0.5
105	132	0.5
105	134	0.5
105	135	0.5
105	136	0.5
105	137	0.5
105	139	0.5
105	141	0.5
105	142	0.5
105	143	0.5
105	144	0.5
105	145	0.5
105	147	0.5
105	148	0.5
105	149	0.5
105	150	0.5
106	110	1
106	111	1
106	112	1
106	116	1
106	128	1
106	136	1
106	137	1
106	139	1
106	142	1
106	143	1
106	107	0.5
106	109	0.5
106	113	0.5
106	114	0.5
106	115	0.5
106	117	0.5
106	118	0.5
106	120	0.5
106	126	0.5
106	130	0.5
106	131	0.5
106	133	0.5
106	138	0.5
106	140	0.5
106	146	0.5
107	109	1
107	113	1
107	114	1
107	115	1
107	117	1
107	118	1
107	120	1
107	126	1
107	130	1
107	131	1
107	133	1
107	138	1
107	140	1
107	146	1
107	108	0.5
107	110	0.5
107	111	0.5
107	112	0.5
107	116	0.5
107	119	0.5
107	121	0.5
107	122	0.5
107	123	0.5
107	124	0.5
107	125	0.5
107	127	0.5
107	128	0.5
107	129	0.5
107	132	0.5
107	134	0.5
107	135	0.5
107	136	0.5
107	137	0.5
107	139	0.5
107	141	0.5
107	142	0.5
107	143	0.5
107	144	0.5
107	145	0.5
107	147	0.5
107	148	0.5
107	149	0.5
107	150	0.5
108	119	1
108	121	1
108	122	1
108	123	1
108	124	1
108	125	1
108	127	1
108	129	1
108	132	1
108	134	1
108	135	1
108	141	1
108	144	1
108	145	1
108	147	1
108	148	1
108	149	1
108	150	1
108	109	0.5
108	113	0.5
108	114	0.5
108	115	0.5
108	117	0.5
108	118	0.5
108	120	0.5
108	126	0.5
108	130	0.5
108	131	0.5
108	133	0.5
108	138	0.5
108	140	0.5
108	146	0.5
109	113	1
109	114	1
109	115	1
109	117	1
109	118	1
109	120	1
109	126	1
109	130	1
109	131	1
109	133	1
109	138	1
109	140	1
109	146	1
109	110	0.5
109	111	0.5
109	112	0.5
109	116	0.5
109	119	0.5
109	121	0.5
109	122	0.5
109	123	0.5
109	124	0.5
109	125	0.5
109	127	0.5
109	128	0.5
109	129	0.5
109	132	0.5
109	134	0.5
109	135	0.5
109	136	0.5
109	137	0.5
109	139	0.5
109	141	0.5
109	142	0.5
109	143	0.5
109	144	0.5
109	145	0.5
109	147	0.5
109	148	0.5
109	149	0.5
109	150	0.5
110	111	1
110	112	1
110	116	1
110	128	1
110	136	1
110	137	1
110	139	1
110	142	1
110	143	1
110	113	0.5
110	114	0.5
110	115	0.5
110	117	0.5
110	118	0.5
110	120	0.5
110	126	0.5
110	130	0.5
110	131	0.5
110	133	0.5
110	138	0.5
110	140	0.5
110	146	0.5
111	112	1
111	116	1
111	128	1
111	136	1
111	137	1
111	139	1
111	142	1
111	143	1
111	113	0.5
111	114	0.5
111	115	0.5
111	117	0.5
111	118	0.5
111	120	0.5
111	126	0.5
111	130	0.5
111	131	0.5
111	133	0.5
111	138	0.5
111	140	0.5
111	146	0.5
112	116	1
112	128	1
112	136	1
112	137	1
112	139	1
112	142	1
112	143	1
112	113	0.5
112	114	0.5
112	115	0.5
112	117	0.5
112	118	0.5
112	120	0.5
112	126	0.5
112	130	0.5
112	131	0.5
112	133	0.5
112	138	0.5
112	140	0.5
112	146	0.5
113	114	1
113	115	1
113	117	1
113	118	1
113	120	1
113	126	1
113	130	1
113	131	1
113	133	1
113	138	1
113	140	1
113	146	1
113	116	0.5
113	119	0.5
113	121	0.5
113	122	0.5
113	123	0.5
113	124	0.5
113	125	0.5
113	127	0.5
113	128	0.5
113	129	0.5
113	132	0.5
113	134	0.5
113	135	0.5
113	136	0.5
113	137	0.5
113	139	0.5
113	141	0.5
113	142	0.5
113	143	0.5
113	144	0.5
113	145	0.5
113	147	0.5
113	148	0.5
113	149	0.5
113	150	0.5
114	115	1
114	117	1
114	118	1
114	120	1
114	126	1
114	130	1
114	131	1
114	133	1
114	138	1
114	140	1
114	146	1
114	116	0.5
114	119	0.5
114	121	0.5
114	122	0.5
114	123	0.5
114	124	0.5
114	125	0.5
114	127	0.5
114	128	0.5
114	129	0.5
114	132	0.5
114	134	0.5
114	135	0.5
114	136	0.5
114	137	0.5
114	139	0.5
114	141	0.5
114	142	0.5
114	143	0.5
114	144	0.5
114	145	0.5
114	147	0.5
114	148	0.5
114	149	0.5
114	150	0.5
115	117	1
115	118	1
115	120	1
115	126	1
115	130	1
115	131	1
115	133	1
115	138	1
115	140	1
115	146	1
115	116	0.5
115	119	0.5
115	121	0.5
115	122	0.5
115	123	0.5
115	124	0.5
115	125	0.5
115	127	0.5
115	128	0.5
115	129	0.5
115	132	0.5
115	134	0.5
115	135	0.5
115	136	0.5
115	137	0.5
115	139	0.5
115	141	0.5
115	142	0.5
115	143	0.5
115	144	0.5
115	145	0.5
115	147	0.5
115	148	0.5
115	149	0.5
115	150	0.5
116	128	1
116	136	1
116	137	1
116	139	1
116	142	1
116	143	1
116	117	0.5
116	118	0.5
116	120	0.5
116	126	0.5
116	130	0.5
116	131	0.5
116	133	0.5
116	138	0.5
116	140	0.5
116	146	0.5
117	118	1
117	120	1
117	126	1
117	130	1
117	131	1
117	133	1
117	138	1
117	140	1
117	146	1
117	119	0.5
117	121	0.5
117	122	0.5
117	123	0.5
117	124	0.5
117	125	0.5
117	127	0.5
117	128	0.5
117	129	0.5
117	132	0.5
117	134	0.5
117	135	0.5
117	136	0.5
117	137	0.5
117	139	0.5
117	141	0.5
117	142	0.5
117	143	0.5
117	144	0.5
117	145	0.5
117	147	0.5
117	148	0.5
117	149	0.5
117	150	0.5
118	120	1
118	126	1
118	130	1
118	131	1
118	133	1
118	138	1
118	140	1
118	146	1
118	119	0.5
118	121	0.5
118	122	0.5
118	123	0.5
118	124	0.5
118	125	0.5
118	127	0.5
118	128	0.5
118	129	0.5
118	132	0.5
118	134	0.5
118	135	0.5
118	136	0.5
118	137	0.5
118	139	0.5
118	141	0.5
118	142	0.5
118	143	0.5
118	144	0.5
118	145	0.5
118	147	0.5
118	148	0.5
118	149	0.5
118	150	0.5
119	121	1
119	122	1
119	123	1
119	124	1
119	125	1
119	127	1
119	129	1
119	132	1
119	134	1
119	135	1
119	141	1
119	144	1
119	145	1
119	147	1
119	148	1
119	149	1
119	150	1
119	120	0.5
119	126	0.5
119	130	0.5
119	131	0.5
119	133	0.5
119	138	0.5
119	140	0.5
119	146	0.5
120	126	1
120	130	1
120	131	1
120	133	1
120	138	1
120	140	1
120	146	1
120	121	0.5
120	122	0.5
120	123	0.5
120	124	0.5
120	125	0.5
120	127	0.5
120	128	0.5
120	129	0.5
120	132	0.5
120	134	0.5
120	135	0.5
120	136	0.5
120	137	0.5
120	139	0.5
120	141	0.5
120	142	0.5
120	143	0.5
120	144	0.5
120	145	0.5
120	147	0.5
120	148	0.5
120	149	0.5
120	150	0.5
121	122	1
121	123	1
121	124	1
121	125	1
121	127	1
121	129	1
121	132	1
121	134	1
121	135	1
121	141	1
121	144	1
121	145	1
121	147	1
121	148	1
121	149	1
121	150	1
121	126	0.5
121	130	0.5
121	131	0.5
121	133	0.5
121	138	0.5
121	140	0.5
121	146	0.5
122	123	1
122	124	1
122	125	1
122	127	1
122	129	1
122	132	1
122	134	1
122	135	1
122	141	1
122	144	1
122	145	1
122	147	1
122	148	1
122	149	1
122	150	1
122	126	0.5
122	130	0.5
122	131	0.5
122	133	0.5
122	138	0.5
122	140	0.5
122	146	0.5
123	124	1
123	125	1
123	127	1
123	129	1
123	132	1
123	134	1
123	135	1
123	141	1
123	144	1
123	145	1
123	147	1
123	148	1
123	149	1
123	150	1
123	126	0.5
123	130	0.5
123	131	0.5
123	133	0.5
123	138	0.5
123	140	0.5
123	146	0.5
124	125	1
124	127	1
124	129	1
124	132	1
124	134	1
124	135	1
124	141	1
124	144	1
124	145	1
124	147	1
124	148	1
124	149	1
124	150	1
124	126	0.5
124	130	0.5
124	131	0.5
124	133	0.5
124	138	0.5
124	140	0.5
124	146	0.5
125	127	1
125	129	1
125	132	1
125	134	1
125	135	1
125	141	1
125	144	1
125	145	1
125	147	1
125	148	1
125	149	1
125	150	1
125	126	0.5
125	130	0.5
125	131	0.5
125	133	0.5
125	138	0.5
125	140	0.5
125	146	0.5
126	130	1
126	131	1
126	133	1
126	138	1
126	140	1
126	146	1
126	127	0.5
126	128	0.5
126	129	0.5
126	132	0.5
126	134	0.5
126	135	0.5
126	136	0.5
126	137	0.5
126	139	0.5
126	141	0.5
126	142	0.5
126	143	0.5
126	144	0.5
126	145	0.5
126	147	0.5
126	148	0.5
126	149	0.5
126	150	0.5
127	129	1
127	132	1
127	134	1
127	135	1
127	141	1
127	144	1
127	145	1
127	147	1
127	148	1
127	149	1
127	150	1
127	130	0.5
127	131	0.5
127	133	0.5
127	138	0.5
127	140	0.5
127	146	0.5
128	136	1
128	137	1
128	139	1
128	142	1
128	143	1
128	130	0.5
128	131	0.5
128	133	0.5
128	138	0.5
128	140	0.5
128	146	0.5
129	132	1
129	134	1
129	135	1
129	141	1
129	144	1
129	145	1
129	147	1
129	148	1
129	149	1
129	150	1
129	130	0.5
129	131	0.5
129	133	0.5
129	138	0.5
129	140	0.5
129	146	0.5
130	131	1
130	133	1
130	138	1
130	140	1
130	146	1
130	132	0.5
130	134	0.5
130	135	0.5
130	136	0.5
130	137	0.5
130	139	0.5
130	141	0.5
130	142	0.5
130	143	0.5
130	144	0.5
130	145	0.5
130	147	0.5
130	148	0.5
130	149	0.5
130	150	0.5
131	133	1
131	138	1
131	140	1
131	146	1
131	132	0.5
131	134	0.5
131	135	0.5
131	136	0.5
131	137	0.5
131	139	0.5
131	141	0.5
131	142	0.5
131	143	0.5
131	144	0.5
131	145	0.5
131	147	0.5
131	148	0.5
131	149	0.5
131	150	0.5
132	134	1
132	135	1
132	141	1
132	144	1
132	145	1
132	147	1
132	148	1
132	149	1
132	150	1
132	133	0.5
132	138	0.5
132	140	0.5
132	146	0.5
133	138	1
133	140	1
133	146	1
133	134	0.5
133	135	0.5
133	136	0.5
133	137	0.5
133	139	0.5
133	141	0.5
133	142	0.5
133	143	0.5
133	144	0.5
133	145	0.5
133	147	0.5
133	148	0.5
133	149	0.5
133	150	0.5
134	135	1
134	141	1
134	144	1
134	145	1
134	147	1
134	148	1
134	149	1
134	150	1
134	138	0.5
134	140	0.5
134	146	0.5
135	141	1
135	144	1
135	145	1
135	147	1
135	148	1
135	149	1
135	150	1
135	138	0.5
135	140	0.5
135	146	0.5
136	137	1
136	139	1
136	142	1
136	143	1
136	138	0.5
136	140	0.5
136	146	0.5
137	139	1
137	142	1
137	143	1
137	138	0.5
137	140	0.5
137	146	0.5
138	140	1
138	146	1
138	139	0.5
138	141	0.5
138	142	0.5
138	143	0.5
138	144	0.5
138	145	0.5
138	147	0.5
138	148	0.5
138	149	0.5
138	150	0.5
139	142	1
139	143	1
139	140	0.5
139	146	0.5
140	146	1
140	141	0.5
140	142	0.5
140	143	0.5
140	144	0.5
140	145	0.5
140	147	0.5
140	148	0.5
140	149	0.5
140	150	0.5
141	144	1
141	145	1
141	147	1
141	148	1
141	149	1
141	150	1
141	146	0.5
142	143	1
142	146	0.5
143	146	0.5
144	145	1
144	147	1
144	148	1
144	149	1
144	150	1
144	146	0.5
145	147	1
145	148	1
145	149	1
145	150	1
145	146	0.5
146	147	0.5
146	148	0.5
146	149	0.5
146	150	0.5
147	148	1
147	149	1
147	150	1
148	149	1
148	150	1
149	150	1
