114	113	1
114	33	1
114	30	1
114	86	1
114	45	1
114	79	1
114	73	1
114	124	1
114	43	1
114	75	1
114	51	1
114	48	1
114	118	1
114	70	1
114	121	1
114	42	1
114	35	1
114	91	1
114	74	1
114	127	1
114	126	1
114	65	1
114	80	1
114	144	1
114	103	1
114	99	1
114	98	1
114	85	1
114	107	1
114	108	1
114	109	1
114	95	1
114	148	1
114	146	1
114	147	1
114	149	1
114	61	1
114	60	1
114	57	1
114	64	1
114	63	1
114	129	1
114	136	1
114	137	1
114	134	1
114	93	1
114	143	1
114	25	1
114	21	1
114	1	1
114	88	1
114	92	1
114	81	1
114	55	1
114	52	1
114	53	1
114	6	1
114	111	1
114	112	1
114	139	1
114	140	1
113	33	1
113	30	1
113	86	1
113	45	1
113	79	1
113	73	1
113	124	1
113	43	1
113	75	1
113	51	1
113	48	1
113	118	1
113	70	1
113	121	1
113	42	1
113	35	1
113	91	1
113	74	1
113	127	1
113	126	1
113	65	1
113	80	1
113	144	1
113	103	1
113	99	1
113	98	1
113	85	1
113	107	1
113	108	1
113	109	1
113	95	1
113	148	1
113	146	1
113	147	1
113	149	1
113	61	1
113	60	1
113	57	1
113	64	1
113	63	1
113	129	1
113	136	1
113	137	1
113	134	1
113	93	1
113	143	1
113	25	1
113	21	1
113	1	1
113	88	1
113	92	1
113	81	1
113	55	1
113	52	1
113	53	1
113	6	1
113	111	1
113	112	1
113	139	1
113	140	1
33	30	1
33	86	1
33	45	1
33	79	1
33	73	1
33	124	1
33	43	1
33	75	1
33	51	1
33	48	1
33	118	1
33	70	1
33	121	1
33	42	1
33	35	1
33	91	1
33	74	1
33	127	1
33	126	1
33	65	1
33	80	1
33	144	1
33	103	1
33	99	1
33	98	1
33	85	1
33	107	1
33	108	1
33	109	1
33	95	1
33	148	1
33	146	1
33	147	1
33	149	1
33	61	1
33	60	1
33	57	1
33	64	1
33	63	1
33	129	1
33	136	1
33	137	1
33	134	1
33	93	1
33	143	1
33	25	1
33	21	1
33	1	1
33	88	1
33	92	1
33	81	1
33	55	1
33	52	1
33	53	1
33	6	1
33	111	1
33	112	1
33	139	1
33	140	1
30	86	1
30	45	1
30	79	1
30	73	1
30	124	1
30	43	1
30	75	1
30	51	1
30	48	1
30	118	1
30	70	1
30	121	1
30	42	1
30	35	1
30	91	1
30	74	1
30	127	1
30	126	1
30	65	1
30	80	1
30	144	1
30	103	1
30	99	1
30	98	1
30	85	1
30	107	1
30	108	1
30	109	1
30	95	1
30	148	1
30	146	1
30	147	1
30	149	1
30	61	1
30	60	1
30	57	1
30	64	1
30	63	1
30	129	1
30	136	1
30	137	1
30	134	1
30	93	1
30	143	1
30	25	1
30	21	1
30	1	1
30	88	1
30	92	1
30	81	1
30	55	1
30	52	1
30	53	1
30	6	1
30	111	1
30	112	1
30	139	1
30	140	1
86	45	1
86	79	1
86	73	1
86	124	1
86	43	1
86	75	1
86	51	1
86	48	1
86	118	1
86	70	1
86	121	1
86	42	1
86	35	1
86	91	1
86	74	1
86	127	1
86	126	1
86	65	1
86	80	1
86	144	1
86	103	1
86	99	1
86	98	1
86	85	1
86	107	1
86	108	1
86	109	1
86	95	1
86	148	1
86	146	1
86	147	1
86	149	1
86	61	1
86	60	1
86	57	1
86	64	1
86	63	1
86	129	1
86	136	1
86	137	1
86	134	1
86	93	1
86	143	1
86	25	1
86	21	1
86	1	1
86	88	1
86	92	1
86	81	1
86	55	1
86	52	1
86	53	1
86	6	1
86	111	1
86	112	1
86	139	1
86	140	1
45	79	1
45	73	1
45	124	1
45	43	1
45	75	1
45	51	1
45	48	1
45	118	1
45	70	1
45	121	1
45	42	1
45	35	1
45	91	1
45	74	1
45	127	1
45	126	1
45	65	1
45	80	1
45	144	1
45	103	1
45	99	1
45	98	1
45	85	1
45	107	1
45	108	1
45	109	1
45	95	1
45	148	1
45	146	1
45	147	1
45	149	1
45	61	1
45	60	1
45	57	1
45	64	1
45	63	1
45	129	1
45	136	1
45	137	1
45	134	1
45	93	1
45	143	1
45	25	1
45	21	1
45	1	1
45	88	1
45	92	1
45	81	1
45	55	1
45	52	1
45	53	1
45	6	1
45	111	1
45	112	1
45	139	1
45	140	1
79	73	1
79	124	1
79	43	1
79	75	1
79	51	1
79	48	1
79	118	1
79	70	1
79	121	1
79	42	1
79	35	1
79	91	1
79	74	1
79	127	1
79	126	1
79	65	1
79	80	1
79	144	1
79	103	1
79	99	1
79	98	1
79	85	1
79	107	1
79	108	1
79	109	1
79	95	1
79	148	1
79	146	1
79	147	1
79	149	1
79	61	1
79	60	1
79	57	1
79	64	1
79	63	1
79	129	1
79	136	1
79	137	1
79	134	1
79	93	1
79	143	1
79	25	1
79	21	1
79	1	1
79	88	1
79	92	1
79	81	1
79	55	1
79	52	1
79	53	1
79	6	1
79	111	1
79	112	1
79	139	1
79	140	1
73	124	1
73	43	1
73	75	1
73	51	1
73	48	1
73	118	1
73	70	1
73	121	1
73	42	1
73	35	1
73	91	1
73	74	1
73	127	1
73	126	1
73	65	1
73	80	1
73	144	1
73	103	1
73	99	1
73	98	1
73	85	1
73	107	1
73	108	1
73	109	1
73	95	1
73	148	1
73	146	1
73	147	1
73	149	1
73	61	1
73	60	1
73	57	1
73	64	1
73	63	1
73	129	1
73	136	1
73	137	1
73	134	1
73	93	1
73	143	1
73	25	1
73	21	1
73	1	1
73	88	1
73	92	1
73	81	1
73	55	1
73	52	1
73	53	1
73	6	1
73	111	1
73	112	1
73	139	1
73	140	1
124	43	1
124	75	1
124	51	1
124	48	1
124	118	1
124	70	1
124	121	1
124	42	1
124	35	1
124	91	1
124	74	1
124	127	1
124	126	1
124	65	1
124	80	1
124	144	1
124	103	1
124	99	1
124	98	1
124	85	1
124	107	1
124	108	1
124	109	1
124	95	1
124	148	1
124	146	1
124	147	1
124	149	1
124	61	1
124	60	1
124	57	1
124	64	1
124	63	1
124	129	1
124	136	1
124	137	1
124	134	1
124	93	1
124	143	1
124	25	1
124	21	1
124	1	1
124	88	1
124	92	1
124	81	1
124	55	1
124	52	1
124	53	1
124	6	1
124	111	1
124	112	1
124	139	1
124	140	1
43	75	1
43	51	1
43	48	1
43	118	1
43	70	1
43	121	1
43	42	1
43	35	1
43	91	1
43	74	1
43	127	1
43	126	1
43	65	1
43	80	1
43	144	1
43	103	1
43	99	1
43	98	1
43	85	1
43	107	1
43	108	1
43	109	1
43	95	1
43	148	1
43	146	1
43	147	1
43	149	1
43	61	1
43	60	1
43	57	1
43	64	1
43	63	1
43	129	1
43	136	1
43	137	1
43	134	1
43	93	1
43	143	1
43	25	1
43	21	1
43	1	1
43	88	1
43	92	1
43	81	1
43	55	1
43	52	1
43	53	1
43	6	1
43	111	1
43	112	1
43	139	1
43	140	1
75	51	1
75	48	1
75	118	1
75	70	1
75	121	1
75	42	1
75	35	1
75	91	1
75	74	1
75	127	1
75	126	1
75	65	1
75	80	1
75	144	1
75	103	1
75	99	1
75	98	1
75	85	1
75	107	1
75	108	1
75	109	1
75	95	1
75	148	1
75	146	1
75	147	1
75	149	1
75	61	1
75	60	1
75	57	1
75	64	1
75	63	1
75	129	1
75	136	1
75	137	1
75	134	1
75	93	1
75	143	1
75	25	1
75	21	1
75	1	1
75	88	1
75	92	1
75	81	1
75	55	1
75	52	1
75	53	1
75	6	1
75	111	1
75	112	1
75	139	1
75	140	1
51	48	1
51	118	1
51	70	1
51	121	1
51	42	1
51	35	1
51	91	1
51	74	1
51	127	1
51	126	1
51	65	1
51	80	1
51	144	1
51	103	1
51	99	1
51	98	1
51	85	1
51	107	1
51	108	1
51	109	1
51	95	1
51	148	1
51	146	1
51	147	1
51	149	1
51	61	1
51	60	1
51	57	1
51	64	1
51	63	1
51	129	1
51	136	1
51	137	1
51	134	1
51	93	1
51	143	1
51	25	1
51	21	1
51	1	1
51	88	1
51	92	1
51	81	1
51	55	1
51	52	1
51	53	1
51	6	1
51	111	1
51	112	1
51	139	1
51	140	1
48	118	1
48	70	1
48	121	1
48	42	1
48	35	1
48	91	1
48	74	1
48	127	1
48	126	1
48	65	1
48	80	1
48	144	1
48	103	1
48	99	1
48	98	1
48	85	1
48	107	1
48	108	1
48	109	1
48	95	1
48	148	1
48	146	1
48	147	1
48	149	1
48	61	1
48	60	1
48	57	1
48	64	1
48	63	1
48	129	1
48	136	1
48	137	1
48	134	1
48	93	1
48	143	1
48	25	1
48	21	1
48	1	1
48	88	1
48	92	1
48	81	1
48	55	1
48	52	1
48	53	1
48	6	1
48	111	1
48	112	1
48	139	1
48	140	1
118	70	1
118	121	1
118	42	1
118	35	1
118	91	1
118	74	1
118	127	1
118	126	1
118	65	1
118	80	1
118	144	1
118	103	1
118	99	1
118	98	1
118	85	1
118	107	1
118	108	1
118	109	1
118	95	1
118	148	1
118	146	1
118	147	1
118	149	1
118	61	1
118	60	1
118	57	1
118	64	1
118	63	1
118	129	1
118	136	1
118	137	1
118	134	1
118	93	1
118	143	1
118	25	1
118	21	1
118	1	1
118	88	1
118	92	1
118	81	1
118	55	1
118	52	1
118	53	1
118	6	1
118	111	1
118	112	1
118	139	1
118	140	1
70	121	1
70	42	1
70	35	1
70	91	1
70	74	1
70	127	1
70	126	1
70	65	1
70	80	1
70	144	1
70	103	1
70	99	1
70	98	1
70	85	1
70	107	1
70	108	1
70	109	1
70	95	1
70	148	1
70	146	1
70	147	1
70	149	1
70	61	1
70	60	1
70	57	1
70	64	1
70	63	1
70	129	1
70	136	1
70	137	1
70	134	1
70	93	1
70	143	1
70	25	1
70	21	1
70	1	1
70	88	1
70	92	1
70	81	1
70	55	1
70	52	1
70	53	1
70	6	1
70	111	1
70	112	1
70	139	1
70	140	1
121	42	1
121	35	1
121	91	1
121	74	1
121	127	1
121	126	1
121	65	1
121	80	1
121	144	1
121	103	1
121	99	1
121	98	1
121	85	1
121	107	1
121	108	1
121	109	1
121	95	1
121	148	1
121	146	1
121	147	1
121	149	1
121	61	1
121	60	1
121	57	1
121	64	1
121	63	1
121	129	1
121	136	1
121	137	1
121	134	1
121	93	1
121	143	1
121	25	1
121	21	1
121	1	1
121	88	1
121	92	1
121	81	1
121	55	1
121	52	1
121	53	1
121	6	1
121	111	1
121	112	1
121	139	1
121	140	1
42	35	1
42	91	1
42	74	1
42	127	1
42	126	1
42	65	1
42	80	1
42	144	1
42	103	1
42	99	1
42	98	1
42	85	1
42	107	1
42	108	1
42	109	1
42	95	1
42	148	1
42	146	1
42	147	1
42	149	1
42	61	1
42	60	1
42	57	1
42	64	1
42	63	1
42	129	1
42	136	1
42	137	1
42	134	1
42	93	1
42	143	1
42	25	1
42	21	1
42	1	1
42	88	1
42	92	1
42	81	1
42	55	1
42	52	1
42	53	1
42	6	1
42	111	1
42	112	1
42	139	1
42	140	1
35	91	1
35	74	1
35	127	1
35	126	1
35	65	1
35	80	1
35	144	1
35	103	1
35	99	1
35	98	1
35	85	1
35	107	1
35	108	1
35	109	1
35	95	1
35	148	1
35	146	1
35	147	1
35	149	1
35	61	1
35	60	1
35	57	1
35	64	1
35	63	1
35	129	1
35	136	1
35	137	1
35	134	1
35	93	1
35	143	1
35	25	1
35	21	1
35	1	1
35	88	1
35	92	1
35	81	1
35	55	1
35	52	1
35	53	1
35	6	1
35	111	1
35	112	1
35	139	1
35	140	1
91	74	1
91	127	1
91	126	1
91	65	1
91	80	1
91	144	1
91	103	1
91	99	1
91	98	1
91	85	1
91	107	1
91	108	1
91	109	1
91	95	1
91	148	1
91	146	1
91	147	1
91	149	1
91	61	1
91	60	1
91	57	1
91	64	1
91	63	1
91	129	1
91	136	1
91	137	1
91	134	1
91	93	1
91	143	1
91	25	1
91	21	1
91	1	1
91	88	1
91	92	1
91	81	1
91	55	1
91	52	1
91	53	1
91	6	1
91	111	1
91	112	1
91	139	1
91	140	1
74	127	1
74	126	1
74	65	1
74	80	1
74	144	1
74	103	1
74	99	1
74	98	1
74	85	1
74	107	1
74	108	1
74	109	1
74	95	1
74	148	1
74	146	1
74	147	1
74	149	1
74	61	1
74	60	1
74	57	1
74	64	1
74	63	1
74	129	1
74	136	1
74	137	1
74	134	1
74	93	1
74	143	1
74	25	1
74	21	1
74	1	1
74	88	1
74	92	1
74	81	1
74	55	1
74	52	1
74	53	1
74	6	1
74	111	1
74	112	1
74	139	1
74	140	1
127	126	1
127	65	1
127	80	1
127	144	1
127	103	1
127	99	1
127	98	1
127	85	1
127	107	1
127	108	1
127	109	1
127	95	1
127	148	1
127	146	1
127	147	1
127	149	1
127	61	1
127	60	1
127	57	1
127	64	1
127	63	1
127	129	1
127	136	1
127	137	1
127	134	1
127	93	1
127	143	1
127	25	1
127	21	1
127	1	1
127	88	1
127	92	1
127	81	1
127	55	1
127	52	1
127	53	1
127	6	1
127	111	1
127	112	1
127	139	1
127	140	1
126	65	1
126	80	1
126	144	1
126	103	1
126	99	1
126	98	1
126	85	1
126	107	1
126	108	1
126	109	1
126	95	1
126	148	1
126	146	1
126	147	1
126	149	1
126	61	1
126	60	1
126	57	1
126	64	1
126	63	1
126	129	1
126	136	1
126	137	1
126	134	1
126	93	1
126	143	1
126	25	1
126	21	1
126	1	1
126	88	1
126	92	1
126	81	1
126	55	1
126	52	1
126	53	1
126	6	1
126	111	1
126	112	1
126	139	1
126	140	1
65	80	1
65	144	1
65	103	1
65	99	1
65	98	1
65	85	1
65	107	1
65	108	1
65	109	1
65	95	1
65	148	1
65	146	1
65	147	1
65	149	1
65	61	1
65	60	1
65	57	1
65	64	1
65	63	1
65	129	1
65	136	1
65	137	1
65	134	1
65	93	1
65	143	1
65	25	1
65	21	1
65	1	1
65	88	1
65	92	1
65	81	1
65	55	1
65	52	1
65	53	1
65	6	1
65	111	1
65	112	1
65	139	1
65	140	1
80	144	1
80	103	1
80	99	1
80	98	1
80	85	1
80	107	1
80	108	1
80	109	1
80	95	1
80	148	1
80	146	1
80	147	1
80	149	1
80	61	1
80	60	1
80	57	1
80	64	1
80	63	1
80	129	1
80	136	1
80	137	1
80	134	1
80	93	1
80	143	1
80	25	1
80	21	1
80	1	1
80	88	1
80	92	1
80	81	1
80	55	1
80	52	1
80	53	1
80	6	1
80	111	1
80	112	1
80	139	1
80	140	1
144	103	1
144	99	1
144	98	1
144	85	1
144	107	1
144	108	1
144	109	1
144	95	1
144	148	1
144	146	1
144	147	1
144	149	1
144	61	1
144	60	1
144	57	1
144	64	1
144	63	1
144	129	1
144	136	1
144	137	1
144	134	1
144	93	1
144	143	1
144	25	1
144	21	1
144	1	1
144	88	1
144	92	1
144	81	1
144	55	1
144	52	1
144	53	1
144	6	1
144	111	1
144	112	1
144	139	1
144	140	1
103	99	1
103	98	1
103	85	1
103	107	1
103	108	1
103	109	1
103	95	1
103	148	1
103	146	1
103	147	1
103	149	1
103	61	1
103	60	1
103	57	1
103	64	1
103	63	1
103	129	1
103	136	1
103	137	1
103	134	1
103	93	1
103	143	1
103	25	1
103	21	1
103	1	1
103	88	1
103	92	1
103	81	1
103	55	1
103	52	1
103	53	1
103	6	1
103	111	1
103	112	1
103	139	1
103	140	1
99	98	1
99	85	1
99	107	1
99	108	1
99	109	1
99	95	1
99	148	1
99	146	1
99	147	1
99	149	1
99	61	1
99	60	1
99	57	1
99	64	1
99	63	1
99	129	1
99	136	1
99	137	1
99	134	1
99	93	1
99	143	1
99	25	1
99	21	1
99	1	1
99	88	1
99	92	1
99	81	1
99	55	1
99	52	1
99	53	1
99	6	1
99	111	1
99	112	1
99	139	1
99	140	1
98	85	1
98	107	1
98	108	1
98	109	1
98	95	1
98	148	1
98	146	1
98	147	1
98	149	1
98	61	1
98	60	1
98	57	1
98	64	1
98	63	1
98	129	1
98	136	1
98	137	1
98	134	1
98	93	1
98	143	1
98	25	1
98	21	1
98	1	1
98	88	1
98	92	1
98	81	1
98	55	1
98	52	1
98	53	1
98	6	1
98	111	1
98	112	1
98	139	1
98	140	1
85	107	1
85	108	1
85	109	1
85	95	1
85	148	1
85	146	1
85	147	1
85	149	1
85	61	1
85	60	1
85	57	1
85	64	1
85	63	1
85	129	1
85	136	1
85	137	1
85	134	1
85	93	1
85	143	1
85	25	1
85	21	1
85	1	1
85	88	1
85	92	1
85	81	1
85	55	1
85	52	1
85	53	1
85	6	1
85	111	1
85	112	1
85	139	1
85	140	1
107	108	1
107	109	1
107	95	1
107	148	1
107	146	1
107	147	1
107	149	1
107	61	1
107	60	1
107	57	1
107	64	1
107	63	1
107	129	1
107	136	1
107	137	1
107	134	1
107	93	1
107	143	1
107	25	1
107	21	1
107	1	1
107	88	1
107	92	1
107	81	1
107	55	1
107	52	1
107	53	1
107	6	1
107	111	1
107	112	1
107	139	1
107	140	1
108	109	1
108	95	1
108	148	1
108	146	1
108	147	1
108	149	1
108	61	1
108	60	1
108	57	1
108	64	1
108	63	1
108	129	1
108	136	1
108	137	1
108	134	1
108	93	1
108	143	1
108	25	1
108	21	1
108	1	1
108	88	1
108	92	1
108	81	1
108	55	1
108	52	1
108	53	1
108	6	1
108	111	1
108	112	1
108	139	1
108	140	1
109	95	1
109	148	1
109	146	1
109	147	1
109	149	1
109	61	1
109	60	1
109	57	1
109	64	1
109	63	1
109	129	1
109	136	1
109	137	1
109	134	1
109	93	1
109	143	1
109	25	1
109	21	1
109	1	1
109	88	1
109	92	1
109	81	1
109	55	1
109	52	1
109	53	1
109	6	1
109	111	1
109	112	1
109	139	1
109	140	1
95	148	1
95	146	1
95	147	1
95	149	1
95	61	1
95	60	1
95	57	1
95	64	1
95	63	1
95	129	1
95	136	1
95	137	1
95	134	1
95	93	1
95	143	1
95	25	1
95	21	1
95	1	1
95	88	1
95	92	1
95	81	1
95	55	1
95	52	1
95	53	1
95	6	1
95	111	1
95	112	1
95	139	1
95	140	1
148	146	1
148	147	1
148	149	1
148	61	1
148	60	1
148	57	1
148	64	1
148	63	1
148	129	1
148	136	1
148	137	1
148	134	1
148	93	1
148	143	1
148	25	1
148	21	1
148	1	1
148	88	1
148	92	1
148	81	1
148	55	1
148	52	1
148	53	1
148	6	1
148	111	1
148	112	1
148	139	1
148	140	1
146	147	1
146	149	1
146	61	1
146	60	1
146	57	1
146	64	1
146	63	1
146	129	1
146	136	1
146	137	1
146	134	1
146	93	1
146	143	1
146	25	1
146	21	1
146	1	1
146	88	1
146	92	1
146	81	1
146	55	1
146	52	1
146	53	1
146	6	1
146	111	1
146	112	1
146	139	1
146	140	1
147	149	1
147	61	1
147	60	1
147	57	1
147	64	1
147	63	1
147	129	1
147	136	1
147	137	1
147	134	1
147	93	1
147	143	1
147	25	1
147	21	1
147	1	1
147	88	1
147	92	1
147	81	1
147	55	1
147	52	1
147	53	1
147	6	1
147	111	1
147	112	1
147	139	1
147	140	1
149	61	1
149	60	1
149	57	1
149	64	1
149	63	1
149	129	1
149	136	1
149	137	1
149	134	1
149	93	1
149	143	1
149	25	1
149	21	1
149	1	1
149	88	1
149	92	1
149	81	1
149	55	1
149	52	1
149	53	1
149	6	1
149	111	1
149	112	1
149	139	1
149	140	1
61	60	1
61	57	1
61	64	1
61	63	1
61	129	1
61	136	1
61	137	1
61	134	1
61	93	1
61	143	1
61	25	1
61	21	1
61	1	1
61	88	1
61	92	1
61	81	1
61	55	1
61	52	1
61	53	1
61	6	1
61	111	1
61	112	1
61	139	1
61	140	1
60	57	1
60	64	1
60	63	1
60	129	1
60	136	1
60	137	1
60	134	1
60	93	1
60	143	1
60	25	1
60	21	1
60	1	1
60	88	1
60	92	1
60	81	1
60	55	1
60	52	1
60	53	1
60	6	1
60	111	1
60	112	1
60	139	1
60	140	1
57	64	1
57	63	1
57	129	1
57	136	1
57	137	1
57	134	1
57	93	1
57	143	1
57	25	1
57	21	1
57	1	1
57	88	1
57	92	1
57	81	1
57	55	1
57	52	1
57	53	1
57	6	1
57	111	1
57	112	1
57	139	1
57	140	1
64	63	1
64	129	1
64	136	1
64	137	1
64	134	1
64	93	1
64	143	1
64	25	1
64	21	1
64	1	1
64	88	1
64	92	1
64	81	1
64	55	1
64	52	1
64	53	1
64	6	1
64	111	1
64	112	1
64	139	1
64	140	1
63	129	1
63	136	1
63	137	1
63	134	1
63	93	1
63	143	1
63	25	1
63	21	1
63	1	1
63	88	1
63	92	1
63	81	1
63	55	1
63	52	1
63	53	1
63	6	1
63	111	1
63	112	1
63	139	1
63	140	1
129	136	1
129	137	1
129	134	1
129	93	1
129	143	1
129	25	1
129	21	1
129	1	1
129	88	1
129	92	1
129	81	1
129	55	1
129	52	1
129	53	1
129	6	1
129	111	1
129	112	1
129	139	1
129	140	1
136	137	1
136	134	1
136	93	1
136	143	1
136	25	1
136	21	1
136	1	1
136	88	1
136	92	1
136	81	1
136	55	1
136	52	1
136	53	1
136	6	1
136	111	1
136	112	1
136	139	1
136	140	1
137	134	1
137	93	1
137	143	1
137	25	1
137	21	1
137	1	1
137	88	1
137	92	1
137	81	1
137	55	1
137	52	1
137	53	1
137	6	1
137	111	1
137	112	1
137	139	1
137	140	1
134	93	1
134	143	1
134	25	1
134	21	1
134	1	1
134	88	1
134	92	1
134	81	1
134	55	1
134	52	1
134	53	1
134	6	1
134	111	1
134	112	1
134	139	1
134	140	1
93	143	1
93	25	1
93	21	1
93	1	1
93	88	1
93	92	1
93	81	1
93	55	1
93	52	1
93	53	1
93	6	1
93	111	1
93	112	1
93	139	1
93	140	1
143	25	1
143	21	1
143	1	1
143	88	1
143	92	1
143	81	1
143	55	1
143	52	1
143	53	1
143	6	1
143	111	1
143	112	1
143	139	1
143	140	1
25	21	1
25	1	1
25	88	1
25	92	1
25	81	1
25	55	1
25	52	1
25	53	1
25	6	1
25	111	1
25	112	1
25	139	1
25	140	1
21	1	1
21	88	1
21	92	1
21	81	1
21	55	1
21	52	1
21	53	1
21	6	1
21	111	1
21	112	1
21	139	1
21	140	1
1	88	1
1	92	1
1	81	1
1	55	1
1	52	1
1	53	1
1	6	1
1	111	1
1	112	1
1	139	1
1	140	1
88	92	1
88	81	1
88	55	1
88	52	1
88	53	1
88	6	1
88	111	1
88	112	1
88	139	1
88	140	1
92	81	1
92	55	1
92	52	1
92	53	1
92	6	1
92	111	1
92	112	1
92	139	1
92	140	1
81	55	1
81	52	1
81	53	1
81	6	1
81	111	1
81	112	1
81	139	1
81	140	1
55	52	1
55	53	1
55	6	1
55	111	1
55	112	1
55	139	1
55	140	1
52	53	1
52	6	1
52	111	1
52	112	1
52	139	1
52	140	1
53	6	1
53	111	1
53	112	1
53	139	1
53	140	1
6	111	1
6	112	1
6	139	1
6	140	1
111	112	1
111	139	1
111	140	1
112	139	1
112	140	1
139	140	1
