1	MB.1	N/A	1	1	1	0
2	MB.101	N/A	1	2	1	0
3	MB.103	N/A	1	3	1	0
4	MB.105	N/A	1	4	1	0
5	MB.106	N/A	1	5	1	0
6	MB.107	N/A	1	6	1	0
7	MB.108	N/A	1	7	1	0
8	MB.11	N/A	1	8	1	0
9	MB.110	N/A	1	9	1	0
10	MB.117	N/A	1	10	1	0
11	MB.118	N/A	1	11	1	0
12	MB.119	N/A	1	12	1	0
13	MB.121	N/A	1	13	1	0
14	MB.122	N/A	1	14	1	0
15	MB.123	N/A	1	15	1	0
16	MB.124	N/A	1	16	1	0
17	MB.125	N/A	1	17	1	0
18	MB.127	N/A	1	18	1	0
19	MB.128	N/A	1	19	1	0
20	MB.129	N/A	1	20	1	0
21	MB.13	N/A	1	21	1	0
22	MB.130	N/A	1	22	1	0
23	MB.131	N/A	1	23	1	0
24	MB.132	N/A	1	24	1	0
25	MB.133	N/A	1	25	1	0
26	MB.134	N/A	1	26	1	0
27	MB.135	N/A	1	27	1	0
28	MB.136	N/A	1	28	1	0
29	MB.138	N/A	1	29	1	0
30	MB.139	N/A	1	30	1	0
31	MB.14	N/A	1	31	1	0
32	MB.141	N/A	1	32	1	0
33	MB.142	N/A	1	33	1	0
34	MB.145	N/A	1	34	1	0
35	MB.146	N/A	1	35	1	0
36	MB.147	N/A	1	36	1	0
37	MB.15	N/A	1	37	1	0
38	MB.150	N/A	1	38	1	0
39	MB.151	N/A	1	39	1	0
40	MB.152	N/A	1	40	1	0
41	MB.153	N/A	1	41	1	0
42	MB.154	N/A	1	42	1	0
43	MB.155	N/A	1	43	1	0
44	MB.156	N/A	1	44	1	0
45	MB.157	N/A	1	45	1	0
46	MB.16	N/A	1	46	1	0
47	MB.160	N/A	1	47	1	0
48	MB.161	N/A	1	48	1	0
49	MB.162	N/A	1	49	1	0
50	MB.163	N/A	1	50	1	0
51	MB.164	N/A	1	51	1	0
52	MB.165	N/A	1	52	1	0
53	MB.166	N/A	1	53	1	0
54	MB.167	N/A	1	54	1	0
55	MB.168	N/A	1	55	1	0
56	MB.17	N/A	1	56	1	0
57	MB.172	N/A	1	57	1	0
58	MB.173	N/A	1	58	1	0
59	MB.174	N/A	1	59	1	0
60	MB.176	N/A	1	60	1	0
61	MB.177	N/A	1	61	1	0
62	MB.178	N/A	1	62	1	0
63	MB.179	N/A	1	63	1	0
64	MB.18	N/A	1	64	1	0
65	MB.180	N/A	1	65	1	0
66	MB.181	N/A	1	66	1	0
67	MB.182	N/A	1	67	1	0
68	MB.183	N/A	1	68	1	0
69	MB.184	N/A	1	69	1	0
70	MB.185	N/A	1	70	1	0
71	MB.186	N/A	1	71	1	0
72	MB.188	N/A	1	72	1	0
73	MB.189	N/A	1	73	1	0
74	MB.191	N/A	1	74	1	0
75	MB.193	N/A	1	75	1	0
76	MB.194	N/A	1	76	1	0
77	MB.195	N/A	1	77	1	0
78	MB.196	N/A	1	78	1	0
79	MB.198	N/A	1	79	1	0
80	MB.199	N/A	1	80	1	0
81	MB.2	N/A	1	81	1	0
82	MB.203	N/A	1	82	1	0
83	MB.205	N/A	1	83	1	0
84	MB.207	N/A	1	84	1	0
85	MB.220	N/A	1	85	1	0
86	MB.222	N/A	1	86	1	0
87	MB.223	N/A	1	87	1	0
88	MB.224	N/A	1	88	1	0
89	MB.226	N/A	1	89	1	0
90	MB.229	N/A	1	90	1	0
91	MB.26	N/A	1	91	1	0
92	MB.29	N/A	1	92	1	0
93	MB.3	N/A	1	93	1	0
94	MB.4	N/A	1	94	1	0
95	MB.44	N/A	1	95	1	0
96	MB.45	N/A	1	96	1	0
97	MB.48	N/A	1	97	1	0
98	MB.49	N/A	1	98	1	0
99	MB.5	N/A	1	99	1	0
100	MB.6	N/A	1	100	1	0
101	MB.7	N/A	1	101	1	0
102	MB.8	N/A	1	102	1	0
103	MB.9	N/A	1	103	1	0
