1	TCGA-AK-3428	1	1
2	TCGA-AK-3434	2	1
3	TCGA-B0-4690	3	1
4	TCGA-B0-4691	4	1
5	TCGA-B0-4694	5	1
6	TCGA-B0-4697	6	1
7	TCGA-B0-4698	7	1
8	TCGA-B0-4699	8	1
9	TCGA-B0-4700	9	1
10	TCGA-B0-4701	10	1
11	TCGA-B0-4703	11	1
12	TCGA-B0-4706	12	1
13	TCGA-B0-4707	13	1
14	TCGA-B0-4713	14	1
15	TCGA-B0-4714	15	1
16	TCGA-B0-4810	16	1
17	TCGA-B0-4811	17	1
18	TCGA-B0-4813	18	1
19	TCGA-B0-4814	19	1
20	TCGA-B0-4815	20	1
21	TCGA-B0-4819	21	1
22	TCGA-B0-4821	22	1
23	TCGA-B0-4823	23	1
24	TCGA-B0-4824	24	1
25	TCGA-B0-4828	25	1
26	TCGA-B0-4841	26	1
27	TCGA-B0-4842	27	1
28	TCGA-B0-4843	28	1
29	TCGA-B0-4844	29	1
30	TCGA-B0-4845	30	1
31	TCGA-B0-4846	31	1
32	TCGA-B0-4852	32	1
33	TCGA-B0-4945	33	1
34	TCGA-B0-5080	34	1
35	TCGA-B0-5092	35	1
36	TCGA-B0-5094	36	1
37	TCGA-B0-5095	37	1
38	TCGA-B0-5099	38	1
39	TCGA-B0-5100	39	1
40	TCGA-B0-5104	40	1
41	TCGA-B0-5106	41	1
42	TCGA-B0-5107	42	1
43	TCGA-B0-5109	43	1
44	TCGA-B0-5690	44	1
45	TCGA-B0-5692	45	1
46	TCGA-B0-5693	46	1
47	TCGA-B0-5694	47	1
48	TCGA-B0-5698	48	1
49	TCGA-B0-5705	49	1
50	TCGA-B0-5709	50	1
51	TCGA-B0-5711	51	1
52	TCGA-B0-5712	52	1
53	TCGA-B0-5713	53	1
54	TCGA-B0-5812	54	1
55	TCGA-BP-4760	55	1
56	TCGA-BP-4770	56	1
57	TCGA-BP-5010	57	1
58	TCGA-BP-5170	58	1
59	TCGA-BP-5173	59	1
60	TCGA-BP-5178	60	1
61	TCGA-BP-5180	61	1
62	TCGA-BP-5181	62	1
63	TCGA-BP-5189	63	1
64	TCGA-CJ-4869	64	1
65	TCGA-CJ-4882	65	1
66	TCGA-CJ-4897	66	1
67	TCGA-CJ-4902	67	1
68	TCGA-CJ-4903	68	1
69	TCGA-CJ-4904	69	1
70	TCGA-CJ-4905	70	1
71	TCGA-CJ-4907	71	1
72	TCGA-CJ-4908	72	1
73	TCGA-CJ-4912	73	1
74	TCGA-CJ-4918	74	1
75	TCGA-CJ-4920	75	1
76	TCGA-CJ-5677	76	1
77	TCGA-CJ-5678	77	1
78	TCGA-CJ-5679	78	1
79	TCGA-CJ-5680	79	1
80	TCGA-CJ-5682	80	1
81	TCGA-CJ-5684	81	1
82	TCGA-CJ-5686	82	1
83	TCGA-CJ-5689	83	1
84	TCGA-CJ-6027	84	1
85	TCGA-CJ-6028	85	1
86	TCGA-CJ-6030	86	1
87	TCGA-CJ-6031	87	1
88	TCGA-CJ-6032	88	1
89	TCGA-CJ-6033	89	1
90	TCGA-CW-5580	90	1
91	TCGA-CW-5583	91	1
92	TCGA-CW-5584	92	1
93	TCGA-CW-5585	93	1
94	TCGA-CW-5587	94	1
95	TCGA-CW-5589	95	1
96	TCGA-CW-5591	96	1
97	TCGA-CW-6090	97	1
98	TCGA-CW-6093	98	1
99	TCGA-CW-6097	99	1
100	TCGA-CZ-4859	100	1
101	TCGA-CZ-4863	101	1
102	TCGA-CZ-4864	102	1
103	TCGA-CZ-4865	103	1
104	TCGA-CZ-4866	104	1
105	TCGA-CZ-5452	105	1
106	TCGA-CZ-5454	106	1
107	TCGA-CZ-5455	107	1
108	TCGA-CZ-5457	108	1
109	TCGA-CZ-5461	109	1
110	TCGA-CZ-5462	110	1
111	TCGA-CZ-5464	111	1
112	TCGA-CZ-5467	112	1
113	TCGA-CZ-5468	113	1
114	TCGA-CZ-5469	114	1
115	TCGA-CZ-5982	115	1
116	TCGA-CZ-5984	116	1
117	TCGA-CZ-5985	117	1
118	TCGA-CZ-5987	118	1
119	TCGA-CZ-5989	119	1
120	TCGA-DV-5576	120	1
